1,92.221,291.24,34.611,103.83,1.4336
1,448.47,251.94,37.435,112.31,1.2557
1,451.03,80.188,24.317,72.952,0.72987
1,186.86,143.62,21.618,64.854,0.34977
1,466.07,142.1,35.996,107.99,0.22973
1,200.21,215.01,29.586,88.757,0.17205
1,363.26,90.692,18.479,55.438,0.15194
1,153.14,140.98,24.317,72.952,-0.012879
1,573.46,90.172,20.787,62.36,-0.015154
1,411,59,32,96,-0.018514
1,305.76,316.56,21.618,64.854,-0.051677
1,163.63,52.568,23.382,70.146,-0.077311
2,466.07,178.1,35.996,107.99,1.1977
2,123,291,32,96,1.1231
2,476.55,298.73,37.435,112.31,0.77964
2,485.14,70.105,23.382,70.146,0.69991
2,451.3,84.596,25.29,75.87,0.67657
2,121.35,58.993,20.787,62.36,0.57342
2,426.06,91.793,28.448,85.344,0.48072
2,225.29,131.75,20.787,62.36,0.35442
2,426.06,390.5,28.448,85.344,0.23543
2,170.64,67.957,21.618,64.854,0.18829
2,35,203,32,96,0.14769
2,399.92,325.95,29.586,88.757,-0.096801
2,2.4029,223.69,25.29,75.87,-0.28629
2,209.42,378.65,30.769,92.308,-0.36687
2,187.4,83.568,34.611,103.83,-0.37894
3,414.55,104.51,24.317,72.952,1.4965
3,461.92,212.32,33.28,99.84,1.4579
3,142.1,205.1,35.996,107.99,1.3733
3,70.113,187.1,35.996,107.99,1.0309
3,454.08,94.358,22.483,67.448,0.68373
3,479.29,99.332,23.382,70.146,0.6402
3,498.9,369.11,34.611,103.83,0.56132
3,177.2,71.497,19.218,57.655,0.30241
3,230.72,394.84,27.354,82.061,0.091085
3,129.15,71.497,19.218,57.655,0.057469
3,360.4,84.976,20.787,62.36,-0.19002
3,118.41,21.395,18.479,55.438,-0.24678
3,537.54,66.692,19.218,57.655,-0.32708
4,445.05,234.5,42.11,126.33,1.8959
4,139,195,32,96,1.5007
4,136.94,74.583,20.787,62.36,1.2283
4,122.06,141.78,26.302,78.905,1.0842
4,99,171,32,96,0.53427
4,213.93,104.51,24.317,72.952,0.51013
4,177.14,77.569,28.448,85.344,0.3562
4,424.65,51.743,21.618,64.854,0.28946
4,470.94,60.634,22.483,67.448,0.21974
4,433.32,66.216,47.368,142.1,0.093735
4,113.79,35.255,18.479,55.438,0.056928
4,187.01,198.71,23.382,70.146,-0.0037313
4,272.62,423.65,17.768,53.305,-0.086173
4,363.26,90.692,18.479,55.438,-0.33267
4,531,379,32,96,-0.47535
5,445.16,279.37,47.368,142.1,1.5567
5,147.34,84.976,20.787,62.36,1.1403
5,70.113,331.08,35.996,107.99,1.0336
5,176.01,176.01,27.354,82.061,0.95719
5,413.85,46.339,21.618,64.854,0.94503
5,173.11,84.596,25.29,75.87,0.93419
5,436.96,112.48,33.28,99.84,0.86489
5,132.81,122,21.618,64.854,0.72992
5,127.35,177.14,28.448,85.344,0.58075
5,127.65,44.494,18.479,55.438,0.57699
5,313.08,286.09,35.996,107.99,0.43977
5,110.58,147.06,24.317,72.952,0.28998
5,266.78,385.13,29.586,88.757,0.0058355
5,116.87,81.796,23.382,70.146,-0.081331
5,362.38,87.641,23.382,70.146,-0.13566
5,30.096,281.58,29.586,88.757,-0.2556
5,273.29,220.44,19.218,57.655,-0.41528
6,466.11,339.78,42.11,126.33,1.6221
6,476.9,155.49,27.354,82.061,1.3785
6,183.54,98.426,24.317,72.952,0.9639
6,214.11,108.91,26.302,78.905,0.75033
6,444.3,148.44,29.586,88.757,0.68065
6,328.8,312.16,33.28,99.84,0.66032
6,106.02,162.91,28.448,85.344,0.47683
6,433.15,126.55,20.787,62.36,0.29758
6,104.16,378.72,33.28,99.84,0.15785
6,122.06,128.63,26.302,78.905,0.11123
6,62.552,311.16,21.618,64.854,-0.023571
6,272.62,419.21,17.768,53.305,-0.39769
7,478.65,178.65,30.769,92.308,1.2199
7,274.18,385.13,29.586,88.757,1.0985
7,442.16,146.55,43.794,131.38,0.86743
7,157.73,100.57,20.787,62.36,0.40961
7,328.8,303.84,33.28,99.84,0.3148
7,185.76,116.21,25.29,75.87,0.2249
7,92.835,364.24,37.435,112.31,0.19589
7,455.31,415.34,19.987,59.961,-0.1496
7,379.23,37.187,17.768,53.305,-0.43934
8,453.6,195.68,33.28,99.84,1.4339
8,66.262,282.58,34.611,103.83,1.2655
8,431.6,71.875,22.483,67.448,0.73715
8,198.4,103.56,25.29,75.87,0.66126
8,9.4231,286.35,30.769,92.308,0.4608
8,345.52,289.37,37.435,112.31,0.3417
8,153.14,122.74,24.317,72.952,0.19811
8,124.35,153.18,19.218,57.655,0.10379
8,489.24,223.69,25.29,75.87,0.0034537
8,165.24,62.552,21.618,64.854,-0.12919
8,134.9,86.267,24.317,72.952,-0.20016
8,30.096,385.13,29.586,88.757,-0.42921
9,511.09,189.68,27.354,82.061,1.2458
9,355.92,274.94,40.49,121.47,1.0187
9,84.681,248.26,28.448,85.344,1.0152
9,448.14,224.28,38.933,116.8,0.93919
9,169.48,122.71,23.382,70.146,0.84144
9,200.21,118.85,29.586,88.757,0.62783
9,128.85,90.918,25.29,75.87,0.31381
9,489.24,267.95,25.29,75.87,0.024918
9,150.75,53.734,18.479,55.438,-0.1552
9,153.14,165.3,24.317,72.952,-0.1569
9,163,379,32,96,-0.31604
9,114.74,153.18,19.218,57.655,-0.3462
9,99.932,132.27,18.479,55.438,-0.45225
9,171.38,43.712,24.317,72.952,-0.45852
10,493.06,214.1,35.996,107.99,1.4914
10,523,211,32,96,1.4123
10,196.52,128.14,27.354,82.061,1.292
10,148.69,212.7,28.448,85.344,1.0527
10,373.6,280.01,37.435,112.31,0.80693
10,187.71,86.072,18.479,55.438,0.59622
10,192.82,207.61,29.586,88.757,0.23317
10,111.46,170.63,29.586,88.757,0.18723
10,181.45,51.743,21.618,64.854,-0.021787
11,508.22,234.5,42.11,126.33,1.6467
11,233.84,174.66,26.302,78.905,1.2982
11,191.36,184.25,28.448,85.344,1.2723
11,403.04,57.148,21.618,64.854,0.67611
11,377.73,303.76,29.586,88.757,0.66108
11,184.29,94.358,22.483,67.448,0.62791
11,141.5,160.47,25.29,75.87,0.54134
11,128.08,71.875,22.483,67.448,0.20212
11,181.24,148.36,26.302,78.905,0.053312
11,166.01,63.84,17.768,53.305,0.052225
11,112.48,204,33.28,99.84,-0.17134
11,66.063,171.34,42.11,126.33,-0.34591
12,513.98,289.37,37.435,112.31,1.8399
12,220.01,159.22,24.317,72.952,1.3873
12,545.48,282.68,38.933,116.8,1.2907
12,425.98,66.254,22.483,67.448,1.1829
12,181.24,108.91,26.302,78.905,0.80933
12,476.96,77.166,17.768,53.305,0.80931
12,377.73,303.76,29.586,88.757,0.53213
12,455.66,44.494,18.479,55.438,0.166
12,67,243,32,96,0.10828
12,261.66,152.53,20.787,62.36,0.0078218
12,155.58,132.5,30.769,92.308,-0.018612
12,165.5,65.563,19.987,59.961,-0.15033
12,573.46,261.66,20.787,62.36,-0.2319
12,34.897,226.92,28.448,85.344,-0.30539
13,551.64,321.72,43.794,131.38,1.6607
13,518.74,329.25,42.11,126.33,1.1979
13,126.83,369.11,34.611,103.83,1.0549
13,127.41,57.148,21.618,64.854,0.80206
13,473.3,73.361,21.618,64.854,0.57482
13,328.8,337.12,33.28,99.84,0.56236
13,377.76,291.24,34.611,103.83,0.41083
13,192.26,78.766,21.618,64.854,0.3933
13,176.05,132.81,21.618,64.854,0.33734
13,111.46,192.82,29.586,88.757,0.11807
13,223.76,143.8,17.768,53.305,-0.090385
13,29.616,175.61,38.933,116.8,-0.11052
13,33.06,321.34,19.218,57.655,-0.24067
13,163.27,40.192,30.769,92.308,-0.39327
14,117.21,360.55,38.933,116.8,1.6761
14,179.43,147.82,25.29,75.87,1.2566
14,141.78,154.93,26.302,78.905,0.88546
14,67.078,200.21,29.586,88.757,0.81436
14,404.11,267.47,45.546,136.64,0.72833
14,371.36,276.61,42.11,126.33,0.6325
14,435.46,51.743,21.618,64.854,0.57412
14,151.94,75.95,23.382,70.146,0.22805
14,124.35,196.42,19.218,57.655,-0.079091
14,189.91,83.116,22.483,67.448,-0.11077
15,445.32,65.563,19.987,59.961,1.2526
15,189.91,94.358,22.483,67.448,1.2264
15,113.13,162.91,28.448,85.344,1.0639
15,101.74,338.58,47.368,142.1,1.0486
15,378.65,301.73,30.769,92.308,0.9343
15,159.22,165.3,24.317,72.952,0.83751
15,80.27,203.36,27.354,82.061,0.52106
15,17.964,233.22,37.435,112.31,0.44334
15,186.86,176.05,21.618,64.854,0.26184
15,141.78,391.65,26.302,78.905,0.15377
15,230.46,110.53,19.987,59.961,0.11312
15,55.871,201.77,24.317,72.952,0.0056052
15,161.57,108.26,17.768,53.305,-0.03784
16,97.749,350.81,38.933,116.8,1.3055
16,373.6,289.37,37.435,112.31,0.98554
16,154.93,187.81,26.302,78.905,0.98166
16,101.73,186.35,30.769,92.308,0.96241
16,454.08,66.254,22.483,67.448,0.93434
16,52.286,215.01,29.586,88.757,0.82136
16,178.75,74.915,34.611,103.83,0.74773
16,153.18,105.13,19.218,57.655,0.28178
16,421.07,286.09,35.996,107.99,-0.07617
17,205.99,86.05,17.768,53.305,0.98352
17,379,299,32,96,0.84055
17,87.52,212.32,33.28,99.84,0.82591
17,148.36,115.48,26.302,78.905,0.81116
17,465.32,83.116,22.483,67.448,0.67521
17,126.25,215.01,29.586,88.757,0.33413
17,173.11,84.596,25.29,75.87,0.28063
17,8.6053,233.22,37.435,112.31,0.27477
17,412.07,286.09,35.996,107.99,0.17938
17,360.4,84.976,20.787,62.36,-0.37637
18,470.27,90.918,25.29,75.87,0.96856
18,59,251,32,96,0.87005
18,140.98,128.82,24.317,72.952,0.82908
18,204.55,87.641,23.382,70.146,0.7934
18,373.6,289.37,37.435,112.31,0.77754
18,181.24,128.63,26.302,78.905,0.77026
18,102.19,242.58,37.435,112.31,0.49548
18,188.22,81.608,17.768,53.305,0.46598
18,302.15,253.48,38.933,116.8,0.15208
18,170.64,94.979,21.618,64.854,0.069913
19,481.28,104.06,29.586,88.757,1.1129
19,376.08,286.09,35.996,107.99,0.95121
19,209.7,105.76,20.787,62.36,0.70131
19,409.21,321.61,38.933,116.8,0.53053
19,7.9068,296.37,29.586,88.757,0.47399
19,61.114,286.09,35.996,107.99,0.45699
19,123,139,32,96,0.29241
19,476.59,65.628,25.29,75.87,0.1874
19,11,211,32,96,0.11125
19,163,139,32,96,0.10747
19,30.69,326.74,47.368,142.1,-0.36066
20,209.7,121.35,20.787,62.36,1.1749
20,504.25,128.14,27.354,82.061,1.1701
20,378.65,301.73,30.769,92.308,0.68422
20,146.41,165.88,38.933,116.8,0.53826
20,183.78,63.84,17.768,53.305,0.48508
20,168.44,135.6,43.794,131.38,0.087725
20,160.95,338.58,47.368,142.1,-0.032813
20,141.78,398.22,26.302,78.905,-0.14073
20,363.26,90.692,18.479,55.438,-0.32132
20,4.2327,354.97,19.218,57.655,-0.61443
21,523,147,32,96,1.6731
21,409.21,282.68,38.933,116.8,1.0323
21,128.82,116.66,24.317,72.952,0.69913
21,124.65,179.39,43.794,131.38,0.53821
21,166.79,135.18,25.29,75.87,0.51383
21,117.15,46.071,17.768,53.305,0.49237
21,369.95,256.09,45.546,136.64,0.32459
21,194.04,124.81,30.769,92.308,0.23709
21,192.66,50.513,17.768,53.305,0.20316
21,84.681,191.36,28.448,85.344,-0.016521
21,173.11,198.4,25.29,75.87,-0.085951
21,475.84,70.457,28.448,85.344,-0.26523
22,206.77,150.56,22.483,67.448,1.3631
22,124.11,367.08,35.996,107.99,1.2606
22,409.21,282.68,38.933,116.8,1.0923
22,511.84,170.72,33.28,99.84,1.0521
22,139.36,50.513,17.768,53.305,0.7338
22,365.52,266.98,43.794,131.38,0.52711
22,91,227,32,96,0.4501
22,481.42,80.188,24.317,72.952,0.43448
22,111.02,134.41,23.382,70.146,0.37746
22,141.04,126.25,29.586,88.757,0.20523
22,163.23,148.44,29.586,88.757,0.18443
22,123.03,53.734,18.479,55.438,0.087121
22,46.339,240.9,21.618,64.854,-0.14245
23,195.7,177.46,24.317,72.952,1.5824
23,155.49,107.62,27.354,82.061,1.5658
23,523.34,214.5,37.435,112.31,1.4791
23,126.55,110.96,20.787,62.36,1.2365
23,409.21,282.68,38.933,116.8,1.171
23,112.98,355.92,40.49,121.47,0.9974
23,365.52,266.98,43.794,131.38,0.74281
23,39.742,233.31,45.546,136.64,0.53808
23,147.88,178.65,30.769,92.308,-0.076891
23,105.79,159.83,21.618,64.854,-0.4515
24,548.25,254.7,40.49,121.47,1.5915
24,132.81,122,21.618,64.854,1.3176
24,123,371,32,96,1.0182
24,365.52,266.98,43.794,131.38,0.72824
24,159.22,201.77,24.317,72.952,0.58381
24,91.793,184.25,28.448,85.344,0.56147
24,475,310.77,43.794,131.38,0.41284
24,118.18,204.71,34.611,103.83,0.29516
24,155.8,84.681,28.448,85.344,0.051547
24,404.11,278.86,45.546,136.64,0.015508
24,12.156,349.4,18.479,55.438,-0.33661
25,540.75,313.02,45.546,136.64,1.4541
25,480.68,267.53,47.368,142.1,1.1973
25,124.81,232.5,30.769,92.308,0.79018
25,365.52,266.98,43.794,131.38,0.68744
25,515.91,83.116,22.483,67.448,0.64542
25,404.11,278.86,45.546,136.64,0.59981
25,165.5,145.51,19.987,59.961,0.54506
25,68.029,213.93,24.317,72.952,0.41708
25,167.59,76.302,19.218,57.655,0.20178
25,115,379,32,96,0.17185
25,83,235,32,96,0.026847
25,71.951,274.27,25.29,75.87,-0.19291
25,124.81,63.269,30.769,92.308,-0.45545
26,409.21,282.68,38.933,116.8,1.484
26,475,234.13,43.794,131.38,1.3877
26,94.038,270.96,30.769,92.308,1.2531
26,365.52,266.98,43.794,131.38,0.78328
26,160.47,166.79,25.29,75.87,0.77956
26,206.03,85.911,19.218,57.655,0.688
26,179.33,90.492,17.768,53.305,0.37852
26,39.349,272.95,38.933,116.8,0.30825
26,23.425,246.99,26.302,78.905,0.23079
26,263.01,227.93,23.382,70.146,0.080559
26,148.37,100.32,19.218,57.655,0.030291
26,538.81,367.88,18.479,55.438,-0.13491
27,129.12,187.36,33.28,99.84,1.0681
27,20.96,328.8,33.28,99.84,0.73713
27,365.52,266.98,43.794,131.38,0.64193
27,215.43,109.17,18.479,55.438,0.50075
27,252.39,99.932,18.479,55.438,0.48762
27,14.346,230.67,34.611,103.83,0.42215
27,404.11,278.86,45.546,136.64,0.17167
27,467.19,205.14,37.435,112.31,0.12522
27,133.7,111.22,22.483,67.448,-0.047467
27,161.51,89.179,26.302,78.905,-0.073744
27,132.27,62.973,18.479,55.438,-0.32662
27,272.06,225.29,20.787,62.36,-0.39386
28,461.92,187.36,33.28,99.84,0.65965
28,381.01,279.84,22.483,67.448,0.54464
28,413.47,276.61,42.11,126.33,0.16144
28,187.81,95.755,26.302,78.905,0.14158
28,67.078,215.01,29.586,88.757,0.12297
28,108.91,227.26,26.302,78.905,-0.059607
28,374.79,46.071,17.768,53.305,-0.11884
28,141.78,391.65,26.302,78.905,-0.28431
28,21.395,266.24,18.479,55.438,-0.48922
28,272.62,223.76,17.768,53.305,-0.49779
29,27.323,261.29,37.435,112.31,1.1518
29,189.68,100.79,27.354,82.061,0.95149
29,379.23,46.071,17.768,53.305,0.65533
29,436.9,170.63,29.586,88.757,0.58744
29,358.56,256.09,45.546,136.64,0.40362
29,368.23,116.87,23.382,70.146,0.32113
29,80.554,225.46,19.987,59.961,0.27622
29,332.67,299.83,43.794,131.38,0.27178
29,291.24,308.54,34.611,103.83,0.23879
29,150.56,111.22,22.483,67.448,0.22617
29,194.39,168.08,26.302,78.905,0.1945
29,54.24,187.36,33.28,99.84,0.036732
29,262.57,226.09,24.317,72.952,-0.15301
30,191.36,98.904,28.448,85.344,1.344
30,411.37,128.63,26.302,78.905,1.336
30,355.92,274.94,40.49,121.47,1.1225
30,163.23,104.06,29.586,88.757,1.0517
30,382.96,139.63,37.435,112.31,0.18073
30,299.83,299.83,43.794,131.38,-0.14642
30,360.4,84.976,20.787,62.36,-0.35918
30,375.43,97.241,25.29,75.87,-0.39559
31,422.19,162.33,27.354,82.061,0.91862
31,140.19,378.65,30.769,92.308,0.63994
31,350.42,255.69,47.368,142.1,0.56998
31,114.46,155.49,27.354,82.061,0.56628
31,173.05,122.46,22.483,67.448,-0.19631
31,230.67,83.568,34.611,103.83,-0.31664
32,87.52,370.4,33.28,99.84,1.1827
32,433.17,191.36,28.448,85.344,1.125
32,14.346,308.54,34.611,103.83,0.98992
32,120.53,80.554,19.987,59.961,0.94879
32,467,187,32,96,0.93967
32,350.42,255.69,47.368,142.1,0.45733
32,433.17,27.785,28.448,85.344,0.085943
32,566.97,111.02,23.382,70.146,-0.38229
32,124.81,163.27,30.769,92.308,-0.43682
33,503.52,228.96,33.28,99.84,1.3961
33,217.12,140.19,30.769,92.308,1.1359
33,448.14,224.28,38.933,116.8,0.97752
33,350.81,272.95,38.933,116.8,0.55227
33,314.9,303.05,47.368,142.1,0.4117
33,126.25,118.85,29.586,88.757,0.11133
33,42.532,291.21,47.368,142.1,-0.1431
33,385.36,50.573,19.987,59.961,-0.22469
33,435,27,32,96,-0.23009
34,457,338.58,47.368,142.1,1.6714
34,533.51,273.93,34.611,103.83,1.4688
34,154.43,94.979,21.618,64.854,1.0764
34,485.91,280.01,37.435,112.31,0.58944
34,181.17,116.87,23.382,70.146,0.57064
34,313.02,301.63,45.546,136.64,0.5221
34,460.28,62.973,18.479,55.438,0.51689
34,128.63,108.91,26.302,78.905,0.3836
34,66.262,247.97,34.611,103.83,0.36468
34,143.57,393.4,19.218,57.655,0.33661
34,122.46,313.56,22.483,67.448,0.25887
34,227.26,128.63,26.302,78.905,0.1902
34,360.37,85.55,19.987,59.961,-0.20421
34,94.038,186.35,30.769,92.308,-0.3018
34,398.21,52.279,19.218,57.655,-0.36119
35,445.05,297.67,42.11,126.33,1.8322
35,99,227,32,96,0.83915
35,169.48,128.56,23.382,70.146,0.67625
35,308.19,308.19,42.11,126.33,0.42385
35,433.15,95.369,20.787,62.36,0.23365
35,487.52,315.43,40.49,121.47,0.23124
35,578.62,345.8,40.49,121.47,0.16131
35,122.53,97.241,25.29,75.87,0.09384
35,232.09,79.112,35.996,107.99,-0.16305
35,143.62,105.79,21.618,64.854,-0.20249
35,504.29,77.569,28.448,85.344,-0.2443
35,459.19,94.935,17.768,53.305,-0.3607
35,135.6,212.24,43.794,131.38,-0.36916
35,164.61,99.932,18.479,55.438,-0.47306
36,187.81,115.48,26.302,78.905,0.77681
36,475.84,84.681,28.448,85.344,0.62059
36,115,203,32,96,0.48444
36,233.22,74.117,37.435,112.31,0.37269
36,457,291.21,47.368,142.1,0.26245
36,167.43,105.6,22.483,67.448,0.223
36,423.65,59.398,17.768,53.305,0.1306
36,313.08,313.08,35.996,107.99,0.017869
36,121.35,95.369,20.787,62.36,-0.044712
36,370.28,214.55,38.933,116.8,-0.078755
36,189.68,182.85,27.354,82.061,-0.15821
36,263.27,209.42,30.769,92.308,-0.47874
37,467.61,224.28,38.933,116.8,1.9116
37,141.82,182.85,27.354,82.061,1.1537
37,163.63,116.87,23.382,70.146,1.1163
37,451.68,78.766,21.618,64.854,0.84434
37,426.68,75.95,23.382,70.146,0.5287
37,376.08,277.09,35.996,107.99,0.29198
37,467,99,32,96,0.21897
37,311.88,311.88,38.933,116.8,0.17667
37,173.11,192.08,25.29,75.87,0.0074546
37,227,75,32,96,-0.10982
37,185.76,128.85,25.29,75.87,-0.32737
38,477.34,195.08,38.933,116.8,1.5077
38,45.92,195.68,33.28,99.84,1.1993
38,414.55,86.267,24.317,72.952,1.0179
38,497.64,325.55,40.49,121.47,1.0162
38,444.22,81.796,23.382,70.146,0.50709
38,153.14,128.82,24.317,72.952,0.37241
38,308.19,308.19,42.11,126.33,0.21529
38,162.91,162.91,28.448,85.344,0.18443
38,387.41,212.24,43.794,131.38,-0.099828
38,477.34,97.749,38.933,116.8,-0.11589
38,199.15,130.83,45.546,136.64,-0.13224
39,470.24,170.72,33.28,99.84,1.9178
39,518.51,184.25,28.448,85.344,1.5372
39,139.63,364.24,37.435,112.31,1.0916
39,138.76,90.715,19.218,57.655,0.92926
39,311.88,311.88,38.933,116.8,0.30114
39,183.54,147.06,24.317,72.952,0.28873
39,394.07,286.09,35.996,107.99,0.26141
39,195.68,195.68,33.28,99.84,0.25807
39,129.23,129.23,42.11,126.33,0.085891
39,432.54,99.377,17.768,53.305,0.075099
39,395.07,92.221,34.611,103.83,-0.048575
39,232.64,170.45,17.768,53.305,-0.16506
39,505.74,122.74,24.317,72.952,-0.36307
40,463.98,154.93,26.302,78.905,1.414
40,109.53,360.46,34.611,103.83,0.75291
40,170.96,201.73,30.769,92.308,0.65998
40,385.76,70.105,23.382,70.146,0.475
40,397.45,105.18,23.382,70.146,0.32725
40,310.77,299.83,43.794,131.38,0.30958
40,413.47,192.39,42.11,126.33,0.29089
40,496.81,146.41,38.933,116.8,0.28955
40,187.77,130.83,45.546,136.64,0.24523
40,69.906,288.88,43.794,131.38,0.068374
40,126.03,197.1,17.768,53.305,-0.14871
40,159.22,92.347,24.317,72.952,-0.27881
41,112.98,345.8,40.49,121.47,1.4374
41,414.74,77.496,22.483,67.448,0.96332
41,184.29,122.46,22.483,67.448,0.92456
41,459.7,133.7,22.483,67.448,0.91689
41,428.64,187.36,33.28,99.84,0.75447
41,169.23,104.55,18.479,55.438,0.40638
41,243.15,141.51,18.479,55.438,0.33272
41,170.72,162.4,33.28,99.84,0.22869
41,311.88,311.88,38.933,116.8,0.21547
41,200.96,148.36,26.302,78.905,-0.14466
41,122.06,102.33,26.302,78.905,-0.18488
41,363.26,86.072,18.479,55.438,-0.22963
41,536.14,177.46,24.317,72.952,-0.32143
42,214.11,122.06,26.302,78.905,1.0954
42,163.23,141.04,29.586,88.757,0.99143
42,427,187,32,96,0.74748
42,446.27,116.6,21.618,64.854,0.58457
42,409.12,71.875,22.483,67.448,0.53569
42,438.35,79.779,20.787,62.36,0.44149
42,38.206,235.68,20.787,62.36,0.37742
42,472.51,81.608,17.768,53.305,0.37626
42,403,179,32,96,0.35613
42,308.19,308.19,42.11,126.33,0.25325
42,9.4231,247.88,30.769,92.308,0.18195
42,192.66,112.7,17.768,53.305,0.10656
42,520.06,178.1,35.996,107.99,0.031454
42,392.56,90.492,17.768,53.305,-0.060679
42,162.91,212.7,28.448,85.344,-0.078725
42,148.37,119.54,19.218,57.655,-0.23542
43,428.64,170.72,33.28,99.84,0.82809
43,444.3,89.268,29.586,88.757,0.69105
43,529.06,205.1,35.996,107.99,0.60266
43,220.01,110.58,24.317,72.952,0.47232
43,417.43,76.302,19.218,57.655,0.40526
43,308.19,308.19,42.11,126.33,0.33831
43,168.08,115.48,26.302,78.905,0.17252
43,179,171,32,96,-0.13728
43,111.46,163.23,29.586,88.757,-0.26843
43,254.07,153.18,19.218,57.655,-0.39003
43,392.25,83.116,22.483,67.448,-0.44246
43,411,171,32,96,-0.44394
44,510.01,154.93,26.302,78.905,1.6213
44,429.5,170.63,29.586,88.757,1.3635
44,165.24,105.79,21.618,64.854,1.1939
44,210.4,93.487,23.382,70.146,1.0004
44,451.03,92.347,24.317,72.952,0.81102
44,419.25,84.17,21.618,64.854,0.70578
44,244.59,148.44,29.586,88.757,0.50725
44,401.73,163.27,30.769,92.308,0.44859
44,475.35,98.426,24.317,72.952,0.42972
44,547.88,247.88,30.769,92.308,0.4135
44,311.88,311.88,38.933,116.8,0.25743
44,192.33,95.312,18.479,55.438,0.058668
44,219.81,148.69,28.448,85.344,-0.013557
44,195,155,32,96,-0.12041
44,155,379,32,96,-0.46865
45,450.3,86.05,17.768,53.305,0.75455
45,424.53,168.08,26.302,78.905,0.72873
45,179.43,135.18,25.29,75.87,0.61927
45,515.91,94.358,22.483,67.448,0.59988
45,394.04,155.58,30.769,92.308,0.55239
45,419.25,84.17,21.618,64.854,0.49657
45,194.11,84.976,20.787,62.36,0.482
45,551.74,255.69,47.368,142.1,0.42793
45,311.88,311.88,38.933,116.8,0.3625
45,10.274,398.22,26.302,78.905,0.13492
45,510.29,201.15,22.483,67.448,0.0088823
45,147.34,90.172,20.787,62.36,-0.034861
45,211,163,32,96,-0.084146
45,141.82,394.84,27.354,82.061,-0.13443
45,390.35,110.53,19.987,59.961,-0.25867
45,70.88,170.72,33.28,99.84,-0.31772
46,422.11,163.23,29.586,88.757,1.4752
46,167.71,167.71,37.435,112.31,0.81345
46,181.45,116.6,21.618,64.854,0.73772
46,126.55,84.976,20.787,62.36,0.69747
46,39.742,301.63,45.546,136.64,0.69118
46,551.74,303.05,47.368,142.1,0.64077
46,490.98,93.487,23.382,70.146,0.62315
46,308.19,308.19,42.11,126.33,0.50924
46,394.07,142.1,35.996,107.99,0.33057
46,425.33,90.547,19.987,59.961,0.047695
46,432.79,402.39,24.317,72.952,-0.49322
47,438.41,331.35,38.933,116.8,1.9741
47,485.95,321.72,43.794,131.38,1.8889
47,485.14,99.332,23.382,70.146,1.5614
47,153.18,71.497,19.218,57.655,1.5333
47,526.01,224.28,38.933,116.8,1.0205
47,424.81,163.27,30.769,92.308,0.93849
47,394.04,155.58,30.769,92.308,0.83992
47,123.1,183.84,40.49,121.47,0.83273
47,183.54,98.426,24.317,72.952,0.8123
47,74.915,369.11,34.611,103.83,0.79682
47,396.77,110.96,20.787,62.36,0.75012
47,430.06,94.979,21.618,64.854,0.66476
47,7.1205,268.09,35.996,107.99,0.42524
47,141.78,398.22,26.302,78.905,-0.023378
47,517.12,94.038,30.769,92.308,-0.19784
48,495.27,280.01,37.435,112.31,1.482
48,467.61,282.68,38.933,116.8,1.137
48,183.54,86.267,24.317,72.952,1.1216
48,422.11,163.23,29.586,88.757,1.0671
48,489.51,100.38,21.618,64.854,0.80893
48,397.61,162.91,28.448,85.344,0.79321
48,335.68,274.94,40.49,121.47,0.37988
48,96.664,215.01,29.586,88.757,0.065791
48,525.62,98.904,28.448,85.344,0.037263
48,39.349,234.01,38.933,116.8,-0.044843
48,116.84,257.36,22.483,67.448,-0.054833
48,546.96,262.48,28.448,85.344,-0.11427
48,578.66,110.96,20.787,62.36,-0.14156
48,113.79,104.55,18.479,55.438,-0.18272
48,8.5072,262.52,21.618,64.854,-0.23946
48,386.42,66.262,34.611,103.83,-0.48792
49,516.28,243.75,38.933,116.8,1.6147
49,139.36,59.398,17.768,53.305,1.4856
49,484.06,250.09,35.996,107.99,1.335
49,115.11,358.08,35.996,107.99,1.2616
49,395,155,32,96,0.89916
49,418.94,162.91,28.448,85.344,0.62389
49,184.29,116.84,22.483,67.448,0.32406
49,109.17,132.27,18.479,55.438,0.24739
49,46.041,233.22,37.435,112.31,0.22997
49,95.312,99.932,18.479,55.438,0.20876
49,397.63,105.79,21.618,64.854,0.18306
49,313.02,301.63,45.546,136.64,0.17213
49,544.01,122.46,22.483,67.448,-0.033686
49,511.1,116.16,20.787,62.36,-0.044167
49,555.58,309.42,30.769,92.308,-0.08657
49,166.01,54.955,17.768,53.305,-0.24721
49,32.53,206.77,22.483,67.448,-0.25234
49,578.69,110.58,24.317,72.952,-0.49168
50,498.9,213.36,34.611,103.83,1.7972
50,529.06,214.1,35.996,107.99,1.77
50,178.47,72.213,18.479,55.438,1.3761
50,104.06,185.42,29.586,88.757,1.2052
50,395,155,32,96,1.1344
50,107.48,360.55,38.933,116.8,0.90833
50,198.71,134.41,23.382,70.146,0.80334
50,537.75,128.56,23.382,70.146,0.62002
50,511.82,116.66,24.317,72.952,0.48769
50,308.09,317.45,37.435,112.31,0.36511
50,419,155,32,96,0.33625
50,150.75,53.734,18.479,55.438,0.13225
50,475.08,100.32,19.218,57.655,0.036895
50,141.78,108.91,26.302,78.905,-0.15408
50,530.26,105.54,19.987,59.961,-0.27024
50,262.24,204,33.28,99.84,-0.45291
50,5.5828,335.79,45.546,136.64,-1.0896
51,510.87,192.82,29.586,88.757,1.793
51,200.21,148.44,29.586,88.757,1.2701
51,424.81,155.58,30.769,92.308,0.99489
51,540.19,186.35,30.769,92.308,0.96236
51,310.77,299.83,43.794,131.38,0.60395
51,115.53,50.573,19.987,59.961,0.4895
51,170.5,60.567,19.987,59.961,0.33137
51,520.16,104.16,33.28,99.84,0.24813
51,133.96,417.43,19.218,57.655,0.14324
51,444.98,109.89,25.29,75.87,0.051178
51,396.77,178.52,20.787,62.36,-0.059679
51,122.71,374.07,23.382,70.146,-0.15929
51,120.8,154.08,33.28,99.84,-0.2505
51,411.37,49.727,26.302,78.905,-0.3215
52,523,163,32,96,0.8773
52,178.03,178.03,29.586,88.757,0.72873
52,498.9,161.44,34.611,103.83,0.54967
52,170.5,50.573,19.987,59.961,0.52864
52,308.19,308.19,42.11,126.33,0.31612
52,605.22,165.5,19.987,59.961,0.29334
52,397.79,101.74,47.368,142.1,-0.0083072
52,411.83,56.233,28.448,85.344,-0.057321
52,263.68,90.715,19.218,57.655,-0.07963
52,132.27,44.494,18.479,55.438,-0.11238
52,368.23,105.18,23.382,70.146,-0.1568
52,134.9,92.347,24.317,72.952,-0.45267
52,387.04,62.56,33.28,99.84,-0.47399
53,548.25,325.55,40.49,121.47,1.5537
53,404.72,141.58,28.448,85.344,1.1866
53,554.07,155.8,28.448,85.344,1.0614
53,122.74,128.82,24.317,72.952,0.92746
53,155.51,75.557,19.987,59.961,0.57211
53,377.73,133.65,29.586,88.757,0.38139
53,311.88,311.88,38.933,116.8,0.37452
53,420.63,110.58,24.317,72.952,0.28315
53,467.89,397.63,21.618,64.854,0.13159
53,481.6,144.14,34.611,103.83,0.13049
53,147,211,32,96,0.037889
53,263.68,90.715,19.218,57.655,-0.015687
53,345.8,345.8,40.49,121.47,-0.045206
53,411.83,56.233,28.448,85.344,-0.17608
53,532.5,132.5,30.769,92.308,-0.17888
53,364.58,90.715,19.218,57.655,-0.31203
54,413.47,318.72,42.11,126.33,1.8647
54,515,267,32,96,1.4762
54,485.14,134.41,23.382,70.146,1.3867
54,555,163,32,96,0.6683
54,134.91,63.84,17.768,53.305,0.60501
54,126.25,104.06,29.586,88.757,0.55841
54,397.61,134.46,28.448,85.344,0.53764
54,174.66,108.91,26.302,78.905,0.43592
54,376.27,127.35,28.448,85.344,0.319
54,311.88,311.88,38.933,116.8,0.28827
54,510.87,126.25,29.586,88.757,0.2742
54,106.11,268.09,35.996,107.99,0.1501
54,472.51,325.92,17.768,53.305,-0.29067
55,560.85,339.78,42.11,126.33,2.8042
55,138.22,105.79,21.618,64.854,1.4219
55,421.03,282.58,34.611,103.83,0.99861
55,523,163,32,96,0.7411
55,169.48,99.332,23.382,70.146,0.7353
55,490.98,122.71,23.382,70.146,0.72522
55,216.24,99.332,23.382,70.146,0.48664
55,367.48,121.3,27.354,82.061,0.47599
55,390.5,127.35,28.448,85.344,0.4576
55,308.09,308.09,37.435,112.31,0.22188
55,568.26,84.976,20.787,62.36,0.019288
55,432.79,104.51,24.317,72.952,-0.059087
55,5.8038,227.93,23.382,70.146,-0.061438
55,257.16,122.71,23.382,70.146,-0.076796
55,157.73,74.583,20.787,62.36,-0.18686
55,273.29,234.85,19.218,57.655,-0.22718
55,495.2,195.68,33.28,99.84,-0.34168
56,555.21,282.68,38.933,116.8,2.1296
56,518.26,170.63,29.586,88.757,1.269
56,133.7,94.358,22.483,67.448,1.1886
56,167.43,94.358,22.483,67.448,1.1242
56,124.11,367.08,35.996,107.99,1.099
56,483.38,109.17,18.479,55.438,0.97352
56,371.92,122.06,26.302,78.905,0.9292
56,510.29,105.6,22.483,67.448,0.73243
56,210.2,114.46,27.354,82.061,0.7172
56,310.77,299.83,43.794,131.38,0.45594
56,432.5,224.81,30.769,92.308,0.37872
56,420.33,135.52,19.987,59.961,0.25532
56,560.46,177.46,24.317,72.952,-0.011541
56,457.07,178.1,35.996,107.99,-0.22841
56,233.78,134.41,23.382,70.146,-0.32093
56,454.08,77.496,22.483,67.448,-0.45614
56,438.41,126.95,38.933,116.8,-0.47567
57,556.05,241.09,35.996,107.99,1.4067
57,210.81,95.312,18.479,55.438,1.3316
57,478.7,94.979,21.618,64.854,1.1429
57,170.02,141.58,28.448,85.344,0.75312
57,133.7,83.116,22.483,67.448,0.74248
57,524.77,176.01,27.354,82.061,0.71205
57,219,147,32,96,0.65664
57,503.91,90.715,19.218,57.655,0.48441
57,111.46,355.54,29.586,88.757,0.42743
57,246.99,154.93,26.302,78.905,0.38384
57,463.22,155.49,27.354,82.061,-0.26942
57,429.75,158.35,37.435,112.31,-0.36846
57,460.28,90.692,18.479,55.438,-0.45182
57,265.28,196.05,34.611,103.83,-0.49066
58,102.19,364.24,37.435,112.31,1.9209
58,515,211,32,96,1.0933
58,153.18,76.302,19.218,57.655,0.9789
58,121.35,79.779,20.787,62.36,0.91972
58,473.3,84.17,21.618,64.854,0.90058
58,115,179,32,96,0.70504
58,579,195,32,96,0.63955
58,223.69,179.43,25.29,75.87,0.56453
58,545.28,182.85,27.354,82.061,0.40314
58,198.4,166.79,25.29,75.87,0.40003
58,407.17,90.172,20.787,62.36,0.27163
58,494.72,81.608,17.768,53.305,0.20439
58,210.2,100.79,27.354,82.061,0.061676
58,491,123,32,96,-0.14009
58,245.03,350.3,42.11,126.33,-0.19917
58,449.55,148.65,27.354,82.061,-0.24714
58,299.1,333.29,27.354,82.061,-0.43511
59,39.349,224.28,38.933,116.8,1.2121
59,152.79,187.4,34.611,103.83,0.98765
59,542.17,196.05,34.611,103.83,0.7767
59,188.91,204.5,20.787,62.36,0.46908
59,229.29,123.03,18.479,55.438,0.37522
59,420.84,122.71,23.382,70.146,0.0088797
59,300.35,332.78,21.618,64.854,-0.065002
59,263.01,227.93,23.382,70.146,-0.086335
59,565.8,259.29,17.768,53.305,-0.10027
59,388.08,97.241,25.29,75.87,-0.17673
59,111.02,70.105,23.382,70.146,-0.19453
59,496.86,108.91,26.302,78.905,-0.21451
59,268.09,97.11,35.996,107.99,-0.37264
60,148.69,219.81,28.448,85.344,0.89085
60,110.58,116.66,24.317,72.952,0.88265
60,528.48,220.64,33.28,99.84,0.7531
60,251.74,139.32,22.483,67.448,0.55028
60,420.63,122.74,24.317,72.952,0.4366
60,485.84,99.377,17.768,53.305,0.39075
60,469.52,67.593,18.479,55.438,0.10996
60,508.71,119.54,19.218,57.655,-0.019341
60,110.58,213.93,24.317,72.952,-0.28843
60,268.85,222.09,23.382,70.146,-0.30029
60,118.41,49.114,18.479,55.438,-0.41711
60,116.84,246.12,22.483,67.448,-0.42856
60,18.724,203.36,27.354,82.061,-0.4692
61,576.78,256.62,34.611,103.83,1.6241
61,516.21,247.97,34.611,103.83,1.2576
61,392.41,297.67,42.11,126.33,1.121
61,148.24,54.955,17.768,53.305,0.99163
61,107,251,32,96,0.95572
61,66.593,264.91,27.354,82.061,0.63672
61,298.08,327.31,23.382,70.146,0.20126
61,511.84,120.8,33.28,99.84,0.13067
61,411.83,70.457,28.448,85.344,-0.14847
61,461.61,63.345,28.448,85.344,-0.18516
61,538.81,58.354,18.479,55.438,-0.19846
61,262.24,212.32,33.28,99.84,-0.344
62,497.64,254.7,40.49,121.47,1.5259
62,578.4,287.2,33.28,99.84,0.68161
62,206.77,94.358,22.483,67.448,0.34104
62,513.52,119.54,19.218,57.655,0.20704
62,146.13,58.354,18.479,55.438,0.18969
62,255.3,97.241,25.29,75.87,0.10722
62,52.115,277.09,35.996,107.99,0.079964
62,427,107,32,96,0.075592
62,417.43,153.18,19.218,57.655,0.039862
62,314.9,255.69,47.368,142.1,0.015786
62,356.46,343.82,25.29,75.87,-0.011914
62,239.66,114.74,19.218,57.655,-0.068722
62,451.03,134.9,24.317,72.952,-0.21763
62,411,59,32,96,-0.24568
62,10.15,272.95,38.933,116.8,-0.26675
62,116.87,29.186,23.382,70.146,-0.49497
63,574.68,311.88,38.933,116.8,1.7208
63,497.69,297.67,42.11,126.33,1.4901
63,454.75,63.84,17.768,53.305,1.0008
63,3,331,32,96,0.91448
63,504.29,91.793,28.448,85.344,0.56276
63,419,187,32,96,0.46403
63,322.08,277.09,35.996,107.99,0.41153
63,153.18,105.13,19.218,57.655,0.082138
63,218.01,234.88,22.483,67.448,-0.10678
63,430.06,111.19,21.618,64.854,-0.11028
63,482.19,49.392,22.483,67.448,-0.27073
64,495.2,335.79,45.546,136.64,2.1579
64,166.79,204.72,25.29,75.87,1.5799
64,564.94,341.08,38.933,116.8,1.4508
64,457.07,205.1,35.996,107.99,1.2854
64,165.24,73.361,21.618,64.854,0.68817
64,251.99,74.475,29.586,88.757,0.43315
64,446.27,46.339,21.618,64.854,0.13802
64,209.7,95.369,20.787,62.36,0.11526
64,427.94,109.17,18.479,55.438,-0.026022
64,503.52,62.56,33.28,99.84,-0.053684
64,570.58,84.17,21.618,64.854,-0.12982
64,283,243,32,96,-0.3836
64,359.8,84.17,21.618,64.854,-0.47884
65,493.06,241.09,35.996,107.99,1.5009
65,148.69,170.02,28.448,85.344,0.81485
65,527.17,388.08,25.29,75.87,0.62687
65,481.4,54.955,17.768,53.305,0.46123
65,185.76,84.596,25.29,75.87,0.11982
65,426.71,110.58,24.317,72.952,0.088139
65,210.2,87.108,27.354,82.061,-0.16301
65,172.79,338.58,47.368,142.1,-0.16849
65,450.83,135.21,26.302,78.905,-0.26437
66,523.34,280.01,37.435,112.31,1.461
66,178.52,100.57,20.787,62.36,1.2389
66,132.81,100.38,21.618,64.854,0.77508
66,430.33,110.53,19.987,59.961,0.33963
66,147.82,141.5,25.29,75.87,0.12487
66,192.26,89.575,21.618,64.854,-0.13276
66,450.06,140.25,23.382,70.146,-0.19325
67,426.71,110.58,24.317,72.952,0.47735
67,571,315,32,96,0.45984
67,141.58,120.24,28.448,85.344,0.36003
67,178.52,110.96,20.787,62.36,0.35652
67,450.06,134.41,23.382,70.146,-0.20082
67,241.09,79.112,35.996,107.99,-0.2888
68,169.17,114.46,27.354,82.061,0.93906
68,132.81,116.6,21.618,64.854,0.92575
68,432.56,35.255,18.479,55.438,0.8086
68,195.53,128.08,22.483,67.448,0.4321
68,451.3,135.18,25.29,75.87,-0.20108
68,245.47,116.87,23.382,70.146,-0.2226
68,430.33,110.53,19.987,59.961,-0.33945
68,172.79,338.58,47.368,142.1,-0.35325
68,359.8,84.17,21.618,64.854,-0.40738
68,263.73,94.935,17.768,53.305,-0.42388
68,303.2,344.78,18.479,55.438,-0.48235
69,103.56,97.241,25.29,75.87,0.067308
69,4.32,237.28,33.28,99.84,0.00040126
69,450.06,140.25,23.382,70.146,-0.38074
70,51,203,32,96,1.0508
70,169.17,169.17,27.354,82.061,0.69407
70,178.52,74.583,20.787,62.36,-0.18592
70,490.98,403.3,23.382,70.146,-0.22779
70,449.55,134.98,27.354,82.061,-0.27807
70,211,203,32,96,-0.44591
70,415.5,62.515,45.546,136.64,-0.4661
71,528.05,326.74,47.368,142.1,2.5189
71,210.2,155.49,27.354,82.061,0.70168
71,148.65,203.36,27.354,82.061,0.54583
71,171,35,32,96,-0.21379
71,451.3,135.18,25.29,75.87,-0.26438
71,174.89,183.78,17.768,53.305,-0.40221
71,415.5,62.515,45.546,136.64,-0.44527
71,95.755,207.54,26.302,78.905,-0.48772
72,538.13,274.94,40.49,121.47,2.5568
72,109.42,140.19,30.769,92.308,0.8342
72,61.114,223.09,35.996,107.99,0.44412
72,145.76,162.4,33.28,99.84,0.21577
72,169.17,46.078,27.354,82.061,-0.045933
72,168.44,146.55,43.794,131.38,-0.13802
72,432.54,134.91,17.768,53.305,-0.17707
72,263.01,227.93,23.382,70.146,-0.18728
72,263.73,94.935,17.768,53.305,-0.37007
72,451.3,135.18,25.29,75.87,-0.38916
73,62.56,278.88,33.28,99.84,0.8701
73,134.9,122.74,24.317,72.952,0.77602
73,133.23,173.72,40.49,121.47,0.74712
73,8.6053,270.65,37.435,112.31,0.2706
73,545.28,251.23,27.354,82.061,0.25615
73,171,35,32,96,0.15667
73,281.5,334.81,17.768,53.305,0.15093
73,432.54,134.91,17.768,53.305,-0.10644
73,263.73,94.935,17.768,53.305,-0.23694
73,360.4,84.976,20.787,62.36,-0.24805
73,450.06,140.25,23.382,70.146,-0.3483
73,267,203,32,96,-0.47116
74,547.88,194.04,30.769,92.308,1.6996
74,133.7,111.22,22.483,67.448,1.4226
74,120.91,354.88,37.435,112.31,1.0202
74,162.93,58.993,20.787,62.36,0.53071
74,74.915,213.36,34.611,103.83,0.42994
74,178.67,60.634,22.483,67.448,0.288
74,97.645,192.39,42.11,126.33,0.066944
74,260.44,90.547,19.987,59.961,-0.20989
74,7.1205,340.08,35.996,107.99,-0.2159
74,432.33,122.53,25.29,75.87,-0.40312
75,89.9,326.74,47.368,142.1,1.0826
75,175.49,60.567,19.987,59.961,0.55459
75,381.89,192.39,42.11,126.33,0.52331
75,88.015,224.28,38.933,116.8,0.23008
75,55.536,245.03,42.11,126.33,0.025826
75,426.68,128.56,23.382,70.146,-0.03152
75,154.93,43.152,26.302,78.905,-0.13958
75,302.32,330.43,22.483,67.448,-0.14595
76,118.7,318.72,42.11,126.33,1.1328
76,379,251,32,96,0.42463
76,62.878,286.44,26.302,78.905,0.29739
76,476.63,329.25,42.11,126.33,0.21578
76,116.16,48.599,20.787,62.36,0.15783
76,155.37,58.354,18.479,55.438,0.14598
76,131.75,69.386,20.787,62.36,-0.1494
76,422.19,128.14,27.354,82.061,-0.15315
76,275.48,233.91,18.479,55.438,-0.33465
76,170.02,34.897,28.448,85.344,-0.42773
76,447.39,127.35,28.448,85.344,-0.49303
77,123.1,315.43,40.49,121.47,0.64084
77,153.18,81.106,19.218,57.655,0.5925
77,520.21,122.71,23.382,70.146,0.56194
77,427.95,142.14,20.787,62.36,0.24853
77,139.36,63.84,17.768,53.305,0.20501
77,162.93,53.796,20.787,62.36,0.11965
78,108.06,313.02,45.546,136.64,0.99022
78,508.05,108.26,17.768,53.305,0.94587
78,130.47,77.166,17.768,53.305,0.61176
78,165.24,89.575,21.618,64.854,0.56261
78,321.61,350.81,38.933,116.8,0.322
78,403.5,111.22,22.483,67.448,-0.15431
78,424.53,122.06,26.302,78.905,-0.41105
78,263.73,94.935,17.768,53.305,-0.47506
78,302.32,330.43,22.483,67.448,-0.49076
79,101.74,338.58,47.368,142.1,1.7218
79,431.21,135.6,43.794,131.38,0.6708
79,490.28,94.935,17.768,53.305,0.65823
79,152.53,84.976,20.787,62.36,0.44198
79,174.66,89.179,26.302,78.905,0.20318
79,154.43,51.743,21.618,64.854,-0.16788
79,263.73,94.935,17.768,53.305,-0.31141
79,401.44,126.03,17.768,53.305,-0.32972
79,178.47,390.98,18.479,55.438,-0.34348
80,146.1,111.02,23.382,70.146,0.6415
80,411.37,135.21,26.302,78.905,0.15362
80,160.95,42.532,47.368,142.1,-0.066291
80,263.68,90.715,19.218,57.655,-0.32092
80,278.58,251.23,27.354,82.061,-0.38349
81,155.8,106.02,28.448,85.344,1.1662
81,459.19,72.724,17.768,53.305,0.92988
81,387.04,104.16,33.28,99.84,0.57583
81,25.474,402.39,24.317,72.952,-0.032353
81,126.03,54.955,17.768,53.305,-0.107
81,450.06,140.25,23.382,70.146,-0.23456
81,116.21,400.72,25.29,75.87,-0.25017
81,100.38,408.44,21.618,64.854,-0.38472
82,523.98,128.82,24.317,72.952,0.46354
82,25.118,358.08,35.996,107.99,0.4221
82,400.35,85.55,19.987,59.961,0.41177
82,133.96,57.083,19.218,57.655,0.33063
82,166.79,116.21,25.29,75.87,0.31414
82,432.79,55.871,24.317,72.952,0.093052
82,230.46,130.52,19.987,59.961,0.059794
82,141.82,394.84,27.354,82.061,-0.020805
82,401.44,126.03,17.768,53.305,-0.11317
82,263.73,94.935,17.768,53.305,-0.13092
82,450.06,140.25,23.382,70.146,-0.18408
83,517.12,140.19,30.769,92.308,1.3009
83,116.16,131.75,20.787,62.36,0.91414
83,147.06,134.9,24.317,72.952,0.55508
83,143.62,62.552,21.618,64.854,0.50071
83,178.1,133.11,35.996,107.99,0.28146
83,310.77,256.03,43.794,131.38,-0.038549
83,409.31,91.803,43.794,131.38,-0.15059
83,449.55,134.98,27.354,82.061,-0.2196
83,291.08,409.12,22.483,67.448,-0.27713
83,5.5828,290.25,45.546,136.64,-0.99065
84,518.26,163.23,29.586,88.757,1.7704
84,157.73,74.583,20.787,62.36,0.8757
84,424.65,62.552,21.618,64.854,0.81867
84,13.426,266.08,42.11,126.33,0.75001
84,43.152,220.69,26.302,78.905,0.68858
84,179,163,32,96,0.022244
84,417.12,109.42,30.769,92.308,-0.10196
84,138.22,159.83,21.618,64.854,-0.11307
84,110.96,183.71,20.787,62.36,-0.12763
84,449.55,134.98,27.354,82.061,-0.17693
84,299.56,324.85,25.29,75.87,-0.27031
85,523,179,32,96,1.9216
85,36.682,251.94,37.435,112.31,1.0923
85,403.04,51.743,21.618,64.854,0.66254
85,126.25,89.268,29.586,88.757,0.19887
85,170.02,177.14,28.448,85.344,0.012046
85,451.3,135.18,25.29,75.87,-0.0040631
85,412.07,106.11,35.996,107.99,-0.018017
85,107.62,196.52,27.354,82.061,-0.20452
85,73.361,219.28,21.618,64.854,-0.32792
86,538.06,205.1,35.996,107.99,1.2072
86,48.008,223.19,43.794,131.38,0.93564
86,161.51,207.54,26.302,78.905,0.61337
86,181.17,87.641,23.382,70.146,0.476
86,450.3,112.7,17.768,53.305,0.15434
86,159.99,99.932,18.479,55.438,0.094072
86,425.98,139.32,22.483,67.448,0.066221
86,303.24,334.41,20.787,62.36,-0.096281
86,262.57,226.09,24.317,72.952,-0.27707
87,551.42,242.58,37.435,112.31,1.3642
87,169.48,105.18,23.382,70.146,0.9556
87,107.48,214.55,38.933,116.8,0.46616
87,122.74,134.9,24.317,72.952,0.20011
87,462.49,116.6,21.618,64.854,-0.0080559
87,305.41,340.39,19.987,59.961,-0.16102
87,425.98,133.7,22.483,67.448,-0.29252
88,192.08,116.21,25.29,75.87,1.4808
88,464.9,118.41,18.479,55.438,0.66361
88,136.94,121.35,20.787,62.36,0.57558
88,559.47,273.93,34.611,103.83,0.33095
88,163.27,201.73,30.769,92.308,0.15563
88,126.03,59.398,17.768,53.305,0.04601
88,302.32,330.43,22.483,67.448,-0.10364
88,196.1,187.1,35.996,107.99,-0.4142
89,563.52,324.4,45.546,136.64,1.7954
89,465.31,115.53,19.987,59.961,0.7688
89,174.66,135.21,26.302,78.905,0.48087
89,195,203,32,96,0.2512
89,135.52,115.53,19.987,59.961,0.14724
89,321.68,330.92,18.479,55.438,-0.22917
89,350.38,295.42,19.987,59.961,-0.35588
89,303.24,339.61,20.787,62.36,-0.37384
89,121.59,68.282,17.768,53.305,-0.3855
90,136.94,95.369,20.787,62.36,0.99286
90,148.65,155.49,27.354,82.061,0.6674
90,403.07,295.09,35.996,107.99,0.43658
90,488,150.75,18.479,55.438,0.20526
90,454.75,343.69,17.768,53.305,0.19281
90,124.81,155.58,30.769,92.308,-0.14012
90,321.68,330.92,18.479,55.438,-0.24472
90,449.55,155.49,27.354,82.061,-0.29237
91,99,187,32,96,1.0918
91,75,195,32,96,0.57181
91,444.3,126.25,29.586,88.757,0.020085
91,303.24,339.61,20.787,62.36,-0.25857
91,170.72,37.6,33.28,99.84,-0.42066
92,126.83,369.11,34.611,103.83,0.60887
92,176.05,78.766,21.618,64.854,0.46073
92,64.759,261.29,37.435,112.31,0.24186
92,587,379,32,96,0.23965
92,451.69,133.65,29.586,88.757,-0.10482
92,303.24,334.41,20.787,62.36,-0.17287
92,47.885,224.81,30.769,92.308,-0.27535
92,109.89,78.273,25.29,75.87,-0.45116
93,120.91,354.88,37.435,112.31,1.457
93,74.117,223.86,37.435,112.31,0.71023
93,106.11,223.09,35.996,107.99,0.41806
93,161.81,88.737,22.483,67.448,0.35844
93,303.24,339.61,20.787,62.36,-0.12402
93,456.38,141.82,27.354,82.061,-0.17765
93,520.85,147.82,25.29,75.87,-0.28951
94,126.95,360.55,38.933,116.8,0.90895
94,99.332,222.09,23.382,70.146,0.64944
94,499.17,214.87,17.768,53.305,0.52349
94,134.98,203.36,27.354,82.061,0.4957
94,170.96,86.346,30.769,92.308,0.18857
94,523,155,32,96,0.1334
94,305.41,340.39,19.987,59.961,-0.17541
94,451,147,32,96,-0.35646
94,360.4,84.976,20.787,62.36,-0.40378
95,237.55,93.947,27.354,82.061,1.3045
95,189.62,110.58,24.317,72.952,1.0638
95,141.04,170.63,29.586,88.757,0.99129
95,170.45,117.15,17.768,53.305,0.26858
95,299.83,256.03,43.794,131.38,-0.05456
95,108.91,181.24,26.302,78.905,-0.16867
95,178.03,30.096,29.586,88.757,-0.30419
95,525.62,191.36,28.448,85.344,-0.33413
95,455.58,178.65,30.769,92.308,-0.46976
96,154.93,148.36,26.302,78.905,1.2056
96,117.12,147.88,30.769,92.308,0.87548
96,256.47,116.16,20.787,62.36,0.78386
96,136.89,44.494,18.479,55.438,0.051688
96,210.2,114.46,27.354,82.061,0.0093231
96,450.3,50.513,17.768,53.305,-0.28936
96,525.66,185.42,29.586,88.757,-0.38009
96,178.03,37.493,29.586,88.757,-0.44145
96,129.23,181.87,42.11,126.33,-0.46136
97,128.56,128.56,23.382,70.146,1.1385
97,189.62,74.109,24.317,72.952,0.47655
97,168.12,58.993,20.787,62.36,0.33437
97,161.81,133.7,22.483,67.448,0.29605
97,496.83,192.86,23.382,70.146,0.11246
97,524.81,201.73,30.769,92.308,-0.15392
97,303.24,334.41,20.787,62.36,-0.17134
97,182.85,134.98,27.354,82.061,-0.24309
97,411,67,32,96,-0.32712
97,321.68,330.92,18.479,55.438,-0.42011
97,461.75,157.79,23.382,70.146,-0.46409
98,123.03,72.213,18.479,55.438,0.81502
98,189.68,73.431,27.354,82.061,0.51185
98,463.95,166.79,25.29,75.87,0.48356
98,213.88,149.02,21.618,64.854,0.42033
98,425.33,55.57,19.987,59.961,0.38781
98,160.5,115.53,19.987,59.961,0.091451
98,527.17,198.4,25.29,75.87,-0.079212
98,305.41,340.39,19.987,59.961,-0.28633
98,133.96,114.74,19.218,57.655,-0.31705
98,321.68,330.92,18.479,55.438,-0.33502
98,136.94,157.73,20.787,62.36,-0.3767
99,195.7,92.347,24.317,72.952,1.3156
99,377.76,170.1,34.611,103.83,0.64466
99,173.05,178.67,22.483,67.448,0.57407
99,441.8,53.734,18.479,55.438,0.011636
99,302.32,330.43,22.483,67.448,0.0036829
99,527.17,198.4,25.29,75.87,-0.2029
99,439.11,214.5,37.435,112.31,-0.31576
100,187.81,108.91,26.302,78.905,1.2805
100,135.48,204.71,34.611,103.83,1.1126
100,428.09,59.398,17.768,53.305,0.5632
100,122.46,83.116,22.483,67.448,0.32715
100,40.192,232.5,30.769,92.308,0.23876
100,490.58,182.85,27.354,82.061,0.20559
100,302.32,330.43,22.483,67.448,-0.044253
100,387.04,220.64,33.28,99.84,-0.05331
100,527.17,198.4,25.29,75.87,-0.13907
100,154.93,398.22,26.302,78.905,-0.1659
100,436.9,193.96,40.49,121.47,-0.18467
100,321.48,334.81,17.768,53.305,-0.26375
100,408.51,203.36,27.354,82.061,-0.37481
100,278.73,321.97,21.618,64.854,-0.45175
101,102.19,251.94,37.435,112.31,1.5074
101,207.85,98.426,24.317,72.952,1.1542
101,187.81,122.06,26.302,78.905,1.0863
101,109.53,369.11,34.611,103.83,1.0633
101,403.07,268.09,35.996,107.99,0.84735
101,130.47,108.26,17.768,53.305,0.5453
101,451.04,62.973,18.479,55.438,0.24899
101,305.41,340.39,19.987,59.961,-0.20981
101,37.6,270.56,33.28,99.84,-0.23376
101,141.78,391.65,26.302,78.905,-0.34315
102,88.015,350.81,38.933,116.8,1.4237
102,464.05,310.77,43.794,131.38,1.1826
102,170.02,141.58,28.448,85.344,0.77038
102,469.52,67.593,18.479,55.438,0.6855
102,155.8,98.904,28.448,85.344,0.63106
102,136.94,110.96,20.787,62.36,0.082563
102,438.33,204.71,34.611,103.83,-0.028035
102,490.98,198.71,23.382,70.146,-0.10423
102,2.8983,234.5,42.11,126.33,-0.15373
102,524.81,201.73,30.769,92.308,-0.24039
102,305.41,340.39,19.987,59.961,-0.28601
103,96.675,324.4,45.546,136.64,1.4593
103,455.31,75.557,19.987,59.961,1.1369
103,134.41,111.02,23.382,70.146,1.0659
103,162.33,100.79,27.354,82.061,0.86267
103,155,171,32,96,0.83496
103,492.61,81.453,18.479,55.438,0.31787
103,439.07,196.1,35.996,107.99,-0.12278
103,321.48,334.81,17.768,53.305,-0.17185
103,561.36,392.56,17.768,53.305,-0.3066
103,34.481,160.81,42.11,126.33,-0.39445
103,305.41,340.39,19.987,59.961,-0.42196
104,83.476,195.78,37.435,112.31,0.84297
104,133.7,128.08,22.483,67.448,0.74831
104,505.74,74.109,24.317,72.952,0.67583
104,159.22,122.74,24.317,72.952,0.4785
104,119.45,313.02,45.546,136.64,0.4448
104,223.88,93.947,27.354,82.061,0.22596
104,525.62,205.58,28.448,85.344,-0.1535
104,115,163,32,96,-0.16307
104,438.33,204.71,34.611,103.83,-0.18225
104,302.32,330.43,22.483,67.448,-0.27394
105,485.29,90.547,19.987,59.961,0.98211
105,234.03,98.904,28.448,85.344,0.86826
105,97.749,350.81,38.933,116.8,0.65492
105,488,233.91,18.479,55.438,0.55164
105,530.06,201.77,24.317,72.952,0.031767
105,148.36,135.21,26.302,78.905,-0.021115
105,127.41,138.22,21.618,64.854,-0.03641
105,321.68,330.92,18.479,55.438,-0.14996
105,305.41,340.39,19.987,59.961,-0.21631
105,568.26,90.172,20.787,62.36,-0.30557
105,360.4,84.976,20.787,62.36,-0.35734
105,443,235,32,96,-0.46454
106,503.91,225.24,19.218,57.655,1.2126
106,237.2,104.06,29.586,88.757,0.96634
106,511.13,284.14,21.618,64.854,0.857
106,391.61,105.18,23.382,70.146,0.52203
106,520.21,93.487,23.382,70.146,0.49708
106,111.22,369.77,22.483,67.448,0.22687
106,111.02,175.32,23.382,70.146,0.168
106,303.93,327.31,23.382,70.146,-0.38533
106,262.24,204,33.28,99.84,-0.41943
106,444.95,268.65,24.317,72.952,-0.43234
107,135.21,122.06,26.302,78.905,1.7689
107,546.96,212.7,28.448,85.344,0.63952
107,505.28,345.38,19.987,59.961,0.57829
107,97.241,185.76,25.29,75.87,0.21556
107,490.06,84.681,28.448,85.344,0.068659
107,155.84,377.73,29.586,88.757,0.0018835
107,140.98,195.7,24.317,72.952,-0.10792
107,321.48,334.81,17.768,53.305,-0.14977
107,148.37,28.256,19.218,57.655,-0.18151
107,305.41,340.39,19.987,59.961,-0.4746
108,436.65,90.715,19.218,57.655,1.0093
108,505.9,386.38,20.787,62.36,0.78558
108,490.28,121.59,17.768,53.305,0.65737
108,467.89,89.575,21.618,64.854,0.5577
108,536.8,245.6,33.28,99.84,0.46207
108,136.89,118.41,18.479,55.438,0.42238
108,157.12,37.187,17.768,53.305,0.0029528
108,62.552,219.28,21.618,64.854,0.0021346
108,515.91,116.84,22.483,67.448,-0.13658
108,321.48,334.81,17.768,53.305,-0.44815
109,417.95,95.755,26.302,78.905,1.7332
109,495.29,125.52,19.987,59.961,1.3165
109,155.37,44.494,18.479,55.438,1.0855
109,455.91,99.332,23.382,70.146,0.94644
109,532.7,289.37,37.435,112.31,0.90863
109,530.26,405.88,17.768,53.305,0.20861
109,413.37,52.983,25.29,75.87,0.094678
109,533.49,84.596,25.29,75.87,-0.25065
109,321.48,334.81,17.768,53.305,-0.25305
109,302.32,330.43,22.483,67.448,-0.45305
110,421.03,109.53,34.611,103.83,0.58295
110,472.94,360.46,34.611,103.83,0.55353
110,162.93,43.403,20.787,62.36,0.54313
110,163.27,201.73,30.769,92.308,0.5326
110,511.1,391.58,20.787,62.36,0.38828
110,467.6,111.02,23.382,70.146,0.34344
110,515.27,145.51,19.987,59.961,0.2937
110,267,379,32,96,-0.027197
110,555.21,331.35,38.933,116.8,-0.056695
110,184.29,38.151,22.483,67.448,-0.1881
110,305.41,340.39,19.987,59.961,-0.26752
111,433.17,127.35,28.448,85.344,1.2609
111,525.62,155.8,28.448,85.344,0.87204
111,259,379,32,96,0.82077
111,562.59,343.62,43.794,131.38,0.77904
111,200.48,55.57,19.987,59.961,0.60778
111,179.33,59.398,17.768,53.305,0.5397
111,148.36,233.84,26.302,78.905,0.47084
111,451.69,385.13,29.586,88.757,0.30056
111,113.7,15.163,43.794,131.38,-0.061208
111,475.3,135.52,19.987,59.961,-0.11878
111,305.41,340.39,19.987,59.961,-0.1962
111,321.68,330.92,18.479,55.438,-0.29146
111,259.09,205.1,35.996,107.99,-0.40152
111,602.05,163.63,23.382,70.146,-0.47113
111,24.721,392.23,21.618,64.854,-0.47951
112,527.17,179.43,25.29,75.87,1.9221
112,540.69,343.62,43.794,131.38,0.86335
112,118.18,273.93,34.611,103.83,0.65702
112,432.5,140.19,30.769,92.308,0.62822
112,565.8,176.01,27.354,82.061,0.3247
112,459.19,77.166,17.768,53.305,0.24354
112,210.83,61.888,19.218,57.655,0.24001
112,117.21,19.883,38.933,116.8,-0.036546
112,523.16,398.22,26.302,78.905,-0.12925
112,32.5,378.65,30.769,92.308,-0.168
112,186.86,57.148,21.618,64.854,-0.39665
112,531,43,32,96,-0.49147
113,475,163,32,96,1.5051
113,73.902,313.02,45.546,136.64,1.4096
113,429.68,161.44,34.611,103.83,1.0113
113,467.89,89.575,21.618,64.854,0.5706
113,540.45,385.13,29.586,88.757,0.4278
113,219.31,77.166,17.768,53.305,0.35461
113,563,187,32,96,0.28519
113,451.04,418.7,18.479,55.438,-0.046058
113,539.15,228.2,17.768,53.305,-0.25341
113,120.8,70.88,33.28,99.84,-0.43908
114,195.48,80.554,19.987,59.961,2.0131
114,545.28,223.88,27.354,82.061,1.4396
114,467,187,32,96,1.3902
114,479.29,105.18,23.382,70.146,1.3808
114,412.07,178.1,35.996,107.99,0.62991
114,64.759,364.24,37.435,112.31,0.54687
114,539.85,383.38,28.448,85.344,0.42208
114,156.19,99.979,22.483,67.448,0.29282
114,145.76,362.08,33.28,99.84,0.28591
114,574.68,204.81,38.933,116.8,0.28019
114,423.32,72.213,18.479,55.438,0.11334
114,126.83,74.915,34.611,103.83,-0.022641
114,426.88,335.79,45.546,136.64,-0.31107
115,92.736,355.92,40.49,121.47,1.8285
115,547.85,259.39,29.586,88.757,1.5762
115,448.14,204.81,38.933,116.8,1.2576
115,130.47,41.629,17.768,53.305,1.1206
115,494.91,122,21.618,64.854,0.97163
115,207.85,86.267,24.317,72.952,0.37276
115,173.05,38.151,22.483,67.448,0.33128
115,21.289,257.36,22.483,67.448,0.31052
115,145.51,35.583,19.987,59.961,0.30451
115,585.43,247.97,34.611,103.83,0.18563
115,126.03,130.47,17.768,53.305,0.15369
115,178.52,110.96,20.787,62.36,-0.030425
115,536.14,402.39,24.317,72.952,-0.21467
115,255.3,78.273,25.29,75.87,-0.27356
115,360.4,84.976,20.787,62.36,-0.42255
116,555,283,32,96,1.5866
116,507,139,32,96,1.2077
116,115.11,367.08,35.996,107.99,1.0468
116,171.38,110.58,24.317,72.952,0.96173
116,592.44,255.56,42.11,126.33,0.69454
116,182,52.279,19.218,57.655,0.32088
116,251.23,93.947,27.354,82.061,0.12662
116,220.01,110.58,24.317,72.952,0.03533
116,398.36,223.19,43.794,131.38,-0.011825
116,118.85,104.06,29.586,88.757,-0.45844
117,148.36,122.06,26.302,78.905,0.75513
117,545.12,320.48,33.28,99.84,0.54005
117,115,379,32,96,0.28974
117,122.74,128.82,24.317,72.952,0.27685
117,227.93,111.02,23.382,70.146,0.1275
117,187,123,32,96,0.096768
117,605.78,312.6,17.768,53.305,-0.18609
117,258.07,107.62,27.354,82.061,-0.19955
117,198.47,212.7,28.448,85.344,-0.35651
118,516.21,213.36,34.611,103.83,2.8642
118,510.87,385.13,29.586,88.757,1.3926
118,15.163,299.83,43.794,131.38,1.0137
118,527.93,364.58,19.218,57.655,0.31632
118,131,147,32,96,0.24564
118,250.41,134.9,24.317,72.952,0.14485
118,563.58,326.74,47.368,142.1,0.14063
118,154.43,138.22,21.618,64.854,-0.025699
119,518.74,255.56,42.11,126.33,1.1464
119,87.118,245.03,42.11,126.33,0.66183
119,170.5,55.57,19.987,59.961,0.3369
119,569.18,398.22,26.302,78.905,0.26952
119,210.4,111.02,23.382,70.146,0.14046
119,168.08,108.91,26.302,78.905,0.065111
119,219,155,32,96,0.029832
119,187.1,151.1,35.996,107.99,-0.080232
119,59,187,32,96,-0.18703
119,39.742,233.31,45.546,136.64,-0.24839
119,125.52,170.5,19.987,59.961,-0.2597
119,8.7254,261.63,25.29,75.87,-0.27729
119,525.62,383.38,28.448,85.344,-0.43583
120,523.34,317.45,37.435,112.31,1.2865
120,195.53,83.116,22.483,67.448,0.89015
120,204.72,122.53,25.29,75.87,0.6237
120,37.6,237.28,33.28,99.84,0.38566
120,185.42,178.03,29.586,88.757,0.27849
120,148.44,222.4,29.586,88.757,0.064241
120,47.885,378.65,30.769,92.308,0.038216
120,135.18,128.85,25.29,75.87,0.0071416
120,154.14,46.661,25.29,75.87,-0.073212
120,174.66,43.152,26.302,78.905,-0.14402
120,111.46,237.2,29.586,88.757,-0.14606
120,106.02,198.47,28.448,85.344,-0.29508
120,128.85,173.11,25.29,75.87,-0.4069
120,93.487,181.17,23.382,70.146,-0.48514
121,42.532,326.74,47.368,142.1,0.98219
121,88.015,195.08,38.933,116.8,0.48157
121,182.85,189.68,27.354,82.061,0.35288
121,165.3,128.82,24.317,72.952,0.1476
121,170.72,37.6,33.28,99.84,-0.0099399
121,121.35,110.96,20.787,62.36,-0.05373
121,207.61,185.42,29.586,88.757,-0.10575
121,201.15,133.7,22.483,67.448,-0.19964
121,115,219,32,96,-0.21934
122,45.008,234.5,42.11,126.33,0.50062
122,222.09,157.79,23.382,70.146,0.47189
122,74.117,242.58,37.435,112.31,0.46582
122,184.29,156.19,22.483,67.448,0.28067
122,23.34,210.4,23.382,70.146,0.18219
122,95.84,204,33.28,99.84,0.13962
122,142.1,151.1,35.996,107.99,-0.48755
123,133.11,367.08,35.996,107.99,1.2179
123,196.42,81.106,19.218,57.655,1.1876
123,129.15,105.13,19.218,57.655,0.84349
123,251.23,128.14,27.354,82.061,0.43965
123,148.69,219.81,28.448,85.344,0.33793
123,230.09,132.81,21.618,64.854,0.278
123,15.163,277.93,43.794,131.38,0.18312
123,177.14,120.24,28.448,85.344,0.16151
123,75.95,263.01,23.382,70.146,-0.073404
123,363.26,90.692,18.479,55.438,-0.28259
123,170.63,81.871,29.586,88.757,-0.29328
123,265.28,196.05,34.611,103.83,-0.49506
123,5.047,230.72,27.354,82.061,-0.77555
124,113.7,343.62,43.794,131.38,1.879
124,177.2,90.715,19.218,57.655,0.97756
124,189.62,80.188,24.317,72.952,0.40068
124,148.36,220.69,26.302,78.905,0.30015
124,248.26,106.02,28.448,85.344,0.098073
124,21.395,233.91,18.479,55.438,-0.042184
124,104.16,195.68,33.28,99.84,-0.10361
124,2.9161,229.29,18.479,55.438,-0.13874
124,168.08,141.78,26.302,78.905,-0.34297
124,32.53,262.98,22.483,67.448,-0.40876
125,113.7,332.67,43.794,131.38,2.3719
125,171.38,98.426,24.317,72.952,1.4526
125,223.69,97.241,25.29,75.87,0.92866
125,139.32,105.6,22.483,67.448,0.75162
125,139,163,32,96,0.67886
125,247.88,86.346,30.769,92.308,0.50034
125,7.1205,268.09,35.996,107.99,-0.26532
125,83.476,64.759,37.435,112.31,-0.33406
126,457.88,360.55,38.933,116.8,1.3138
126,177.46,110.58,24.317,72.952,1.2575
126,109.53,196.05,34.611,103.83,0.50339
126,509.42,386.35,30.769,92.308,0.36462
126,147.82,103.56,25.29,75.87,-0.050519
126,206.03,105.13,19.218,57.655,-0.11239
126,52.115,259.09,35.996,107.99,-0.27263
126,100.87,273.93,34.611,103.83,-0.37624
127,457.88,302.15,38.933,116.8,2.1698
127,497.69,297.67,42.11,126.33,1.7098
127,187.01,116.87,23.382,70.146,0.75725
127,52.246,355.92,40.49,121.47,0.65258
127,215.01,104.06,29.586,88.757,0.60256
127,68.549,224.28,38.933,116.8,0.48404
127,151.94,105.18,23.382,70.146,0.3329
127,206.19,76.833,18.479,55.438,0.17174
127,150.51,165.5,19.987,59.961,-0.17815
128,54.374,279.37,47.368,142.1,1.2142
128,140.25,111.02,23.382,70.146,1.1788
128,87.118,255.56,42.11,126.33,1.0764
128,195.7,128.82,24.317,72.952,1.0512
128,113.7,332.67,43.794,131.38,1.0051
128,448.07,268.09,35.996,107.99,0.75221
128,170.45,112.7,17.768,53.305,0.72164
128,481.28,281.58,29.586,88.757,0.51387
128,109.89,154.14,25.29,75.87,0.42213
128,13.426,266.08,42.11,126.33,0.084712
128,265.43,90.547,19.987,59.961,-0.16914
129,506.59,335.79,45.546,136.64,2.3695
129,108.06,335.79,45.546,136.64,1.9695
129,421.07,223.09,35.996,107.99,1.7519
129,467.61,224.28,38.933,116.8,1.2565
129,116.66,128.82,24.317,72.952,0.96172
129,62.368,224.33,40.49,121.47,0.8276
129,155.49,121.3,27.354,82.061,0.78
129,550.82,369.11,34.611,103.83,0.76342
129,189.62,147.06,24.317,72.952,0.73442
129,34.117,205.1,35.996,107.99,0.37873
129,216.24,140.25,23.382,70.146,-0.025663
129,173.32,53.796,20.787,62.36,-0.10159
129,194.11,53.796,20.787,62.36,-0.11293
129,101.74,208.32,47.368,142.1,-0.13306
130,111.55,364.24,37.435,112.31,1.9389
130,417.95,194.39,26.302,78.905,1.6775
130,451,195,32,96,1.6634
130,523.34,298.73,37.435,112.31,1.4518
130,155.84,126.25,29.586,88.757,0.93531
130,134.91,112.7,17.768,53.305,0.59677
130,70.88,187.36,33.28,99.84,0.56685
130,170.63,163.23,29.586,88.757,0.54132
130,571,299,32,96,0.41597
130,179.43,34.015,25.29,75.87,0.056828
130,184.29,128.08,22.483,67.448,-0.0054059
130,106.11,169.1,35.996,107.99,-0.2095
131,433.17,170.02,28.448,85.344,1.4995
131,524.86,265.28,34.611,103.83,1.1499
131,395,163,32,96,1.0833
131,52.916,210.2,27.354,82.061,0.90264
131,137.44,378.72,33.28,99.84,0.76037
131,148.24,99.377,17.768,53.305,0.28584
131,170.02,34.897,28.448,85.344,0.18035
131,165.88,136.68,38.933,116.8,0.17332
131,107.48,136.68,38.933,116.8,0.036603
131,570.96,263.27,30.769,92.308,-0.083389
132,385.07,148.36,26.302,78.905,1.9165
132,422.11,148.44,29.586,88.757,1.2994
132,92.221,204.71,34.611,103.83,0.9798
132,556.05,232.09,35.996,107.99,0.95335
132,129.12,204,33.28,99.84,0.89673
132,156.15,156.15,38.933,116.8,0.69081
132,160.95,338.58,47.368,142.1,0.13284
132,533.05,229.8,29.586,88.757,-0.010631
132,516.28,292.41,38.933,116.8,-0.036216
132,122.71,134.41,23.382,70.146,-0.045751
132,134.9,116.66,24.317,72.952,-0.27141
133,520.06,205.1,35.996,107.99,1.9701
133,457.83,242.58,37.435,112.31,0.72828
133,54.24,245.6,33.28,99.84,0.51433
133,73.902,210.54,45.546,136.64,0.48657
133,154.08,95.84,33.28,99.84,0.39703
133,388,128.14,27.354,82.061,0.32129
133,108.91,187.81,26.302,78.905,0.05654
133,123.1,143.35,40.49,121.47,-0.18333
133,552.46,230.01,25.29,75.87,-0.18419
133,127.65,39.874,18.479,55.438,-0.20265
133,158.35,167.71,37.435,112.31,-0.37841
133,255.69,279.37,47.368,142.1,-0.45118
134,99,203,32,96,1.2203
134,540.19,186.35,30.769,92.308,0.84482
134,157.98,90.715,19.218,57.655,0.54774
134,419,211,32,96,0.4701
134,516.58,181.24,26.302,78.905,0.37426
134,73.431,210.2,27.354,82.061,0.25547
134,188.91,90.172,20.787,62.36,0.15036
134,216.24,134.41,23.382,70.146,0.053931
134,39.742,244.7,45.546,136.64,-0.21165
134,21.395,330.92,18.479,55.438,-0.47801
135,531,163,32,96,1.1935
135,138.22,78.766,21.618,64.854,1.1632
135,496.81,156.15,38.933,116.8,0.87345
135,19,227,32,96,0.59569
135,57.61,230.67,34.611,103.83,0.052039
135,121.59,54.955,17.768,53.305,-0.41318
135,278.73,321.97,21.618,64.854,-0.47475
135,10.15,311.88,38.933,116.8,-1.6199
136,206.77,105.6,22.483,67.448,1.0077
136,17.964,308.09,37.435,112.31,0.76626
136,527.17,147.82,25.29,75.87,0.52879
136,404.84,118.41,18.479,55.438,-0.048716
136,1.6501,245.97,17.768,53.305,-0.24896
137,165.24,100.38,21.618,64.854,0.75746
137,493.06,115.11,35.996,107.99,0.75626
137,116.87,46.722,23.382,70.146,-0.14494
137,234.88,218.01,22.483,67.448,-0.2618
137,204.72,198.4,25.29,75.87,-0.26711
138,136.68,175.61,38.933,116.8,1.1414
138,486.88,112.48,33.28,99.84,1.0868
138,510.01,122.06,26.302,78.905,0.51372
138,141.5,90.918,25.29,75.87,0.50256
138,189.68,128.14,27.354,82.061,-0.074629
138,186.81,374.19,19.218,57.655,-0.11609
138,15.303,385.13,29.586,88.757,-0.47722
139,120.8,154.08,33.28,99.84,1.1317
139,485.14,111.02,23.382,70.146,0.51702
139,148.36,115.48,26.302,78.905,-0.4481
140,499.66,98.426,24.317,72.952,0.78774
140,132.81,111.19,21.618,64.854,0.52427
141,82.613,345.8,40.49,121.47,0.99908
141,435.46,84.17,21.618,64.854,0.98988
141,111.22,150.56,22.483,67.448,0.32055
141,483,75,32,96,-0.039659
141,140.51,90.547,19.987,59.961,-0.094998
141,360.4,84.976,20.787,62.36,-0.27742
142,151.94,99.332,23.382,70.146,1.1641
142,115.48,148.36,26.302,78.905,0.81651
142,78.058,267.53,47.368,142.1,0.24554
142,422.19,87.108,27.354,82.061,-0.001549
142,446.99,83.568,34.611,103.83,-0.30314
142,503.91,76.302,19.218,57.655,-0.36241
142,134.9,61.95,24.317,72.952,-0.39543
143,155,155,32,96,0.91618
143,83.476,223.86,37.435,112.31,0.71267
143,140.25,111.02,23.382,70.146,0.4874
143,451,75,32,96,0.41999
143,398.21,105.13,19.218,57.655,0.13171
143,263.73,94.935,17.768,53.305,-0.25672
143,510.01,398.22,26.302,78.905,-0.42191
144,185.42,178.03,29.586,88.757,1.7282
144,173.85,76.833,18.479,55.438,1.322
144,513.98,298.73,37.435,112.31,1.1031
144,102.75,343.62,43.794,131.38,0.84434
144,116.6,132.81,21.618,64.854,0.14539
144,448.74,74.583,20.787,62.36,0.041932
144,263.73,94.935,17.768,53.305,-0.29004
145,516.28,253.48,38.933,116.8,2.6045
145,394.84,121.3,27.354,82.061,2.0713
145,175.49,85.55,19.987,59.961,1.1057
145,92.835,354.88,37.435,112.31,0.94754
145,194.04,201.73,30.769,92.308,0.52086
145,134.46,155.8,28.448,85.344,0.25593
145,347.82,305.15,28.448,85.344,0.22722
145,432.5,70.962,30.769,92.308,0.11081
145,266.24,95.312,18.479,55.438,-0.18766
145,30.001,233.84,26.302,78.905,-0.23994
146,523.34,214.5,37.435,112.31,1.9836
146,190.48,95.544,19.987,59.961,1.5046
146,132.27,67.593,18.479,55.438,0.90075
146,407.04,135.18,25.29,75.87,0.76004
146,326.74,303.05,47.368,142.1,0.6845
146,161.57,94.935,17.768,53.305,0.67416
146,122.53,128.85,25.29,75.87,0.51432
146,43.116,214.1,35.996,107.99,0.18814
146,115.53,375.36,19.987,59.961,-0.081276
146,263.73,94.935,17.768,53.305,-0.23381
147,422.23,85.911,19.218,57.655,1.2408
147,122.74,110.58,24.317,72.952,1.1616
147,165.3,104.51,24.317,72.952,0.90851
147,400.22,86.072,18.479,55.438,0.70907
147,529.27,171.34,42.11,126.33,0.54458
147,109.53,196.05,34.611,103.83,0.50376
147,147.88,194.04,30.769,92.308,0.49218
147,141.51,58.354,18.479,55.438,0.35523
147,320.48,320.48,33.28,99.84,0.2697
148,528.48,162.4,33.28,99.84,2.2512
148,184.29,122.46,22.483,67.448,1.3971
148,378.08,92.347,24.317,72.952,1.1807
148,196.52,182.85,27.354,82.061,1.0428
148,117.15,59.398,17.768,53.305,0.78196
148,139.32,178.67,22.483,67.448,0.62439
148,451.04,39.874,18.479,55.438,0.58495
148,157.12,117.15,17.768,53.305,0.45895
148,399.92,81.871,29.586,88.757,0.41635
148,421.47,125.43,47.368,142.1,0.13592
148,170.63,178.03,29.586,88.757,0.12973
148,301.63,290.25,45.546,136.64,0.072551
148,263.73,94.935,17.768,53.305,-0.095701
149,185.42,155.84,29.586,88.757,0.6752
149,134.91,134.91,17.768,53.305,0.33768
149,481.28,192.82,29.586,88.757,0.25699
149,449.55,169.17,27.354,82.061,-0.105
149,223.97,139.76,42.11,126.33,-0.34792
149,263.68,90.715,19.218,57.655,-0.39597
149,296.37,333.35,29.586,88.757,-0.47663
150,301.63,335.79,45.546,136.64,1.9061
150,207.85,147.06,24.317,72.952,0.86098
150,496.83,122.71,23.382,70.146,0.76493
150,237.2,133.65,29.586,88.757,0.52278
150,185.42,133.65,29.586,88.757,0.51776
150,434.52,202.92,42.11,126.33,0.38064
150,413.47,192.39,42.11,126.33,0.068851
150,142.14,152.53,20.787,62.36,-0.21663
150,360.4,84.976,20.787,62.36,-0.22635
150,178.67,369.77,22.483,67.448,-0.24026
150,263.73,94.935,17.768,53.305,-0.42308
151,483.74,107.62,27.354,82.061,2.2766
151,396.41,224.33,40.49,121.47,1.4018
151,182.85,121.3,27.354,82.061,1.042
151,120.8,170.72,33.28,99.84,1.0372
151,157.98,57.083,19.218,57.655,0.56408
151,305.12,323.36,24.317,72.952,-0.0243
151,450.3,374.79,17.768,53.305,-0.19182
151,514.53,236.34,25.29,75.87,-0.21832
151,223.69,116.21,25.29,75.87,-0.452
152,476.9,100.79,27.354,82.061,1.7945
152,487.5,402.39,24.317,72.952,1.7057
152,442.16,245.08,43.794,131.38,1.1141
152,526.01,263.21,38.933,116.8,0.80507
152,490.25,273.93,34.611,103.83,0.77211
152,187.81,108.91,26.302,78.905,0.66793
152,148.37,61.888,19.218,57.655,0.60362
152,214.11,135.21,26.302,78.905,0.44219
152,98.904,212.7,28.448,85.344,0.24811
152,445.86,37.187,17.768,53.305,0.049832
152,376.01,408.44,21.618,64.854,-0.20271
152,59.306,223.69,25.29,75.87,-0.32713
152,233.84,128.63,26.302,78.905,-0.34143
152,112.48,162.4,33.28,99.84,-0.46644
153,467.6,350.69,23.382,70.146,1.029
153,421.03,308.54,34.611,103.83,0.67885
153,157.12,72.724,17.768,53.305,0.61857
153,187,139,32,96,0.50168
153,492.53,279.37,47.368,142.1,0.46141
153,61.114,232.09,35.996,107.99,0.35345
153,338.58,326.74,47.368,142.1,0.35297
153,312.16,295.52,33.28,99.84,0.27846
153,203.07,111.19,21.618,64.854,0.25449
153,27.323,233.22,37.435,112.31,0.07206
153,263.73,94.935,17.768,53.305,0.0044301
153,162.93,147.34,20.787,62.36,-0.28506
153,178.52,69.386,20.787,62.36,-0.47339
154,147,163,32,96,1.3686
154,173.05,94.358,22.483,67.448,1.1911
154,475,332.67,43.794,131.38,1.0531
154,464.33,79.779,20.787,62.36,1.0366
154,513.98,364.24,37.435,112.31,0.72031
154,419.25,316.56,21.618,64.854,0.38567
154,23.953,266.08,42.11,126.33,0.15028
154,450.3,37.187,17.768,53.305,0.037174
154,560.78,354.88,37.435,112.31,0.022451
154,266.24,95.312,18.479,55.438,0.01933
154,112.98,163.59,40.49,121.47,-0.26975
154,241.52,219.31,17.768,53.305,-0.27419
154,265.28,196.05,34.611,103.83,-0.45654
155,180.49,95.544,19.987,59.961,1.8151
155,98.904,191.36,28.448,85.344,0.46928
155,70.457,191.36,28.448,85.344,0.36477
155,134.46,91.793,28.448,85.344,-0.047574
155,451.69,52.286,29.586,88.757,-0.16845
155,301.63,278.86,45.546,136.64,-0.3157
155,422.11,385.13,29.586,88.757,-0.39054
156,120.91,364.24,37.435,112.31,1.0491
156,54.24,204,33.28,99.84,0.80332
156,144.14,222.01,34.611,103.83,0.4365
156,446.42,67.593,18.479,55.438,0.23589
156,305.12,329.44,24.317,72.952,0.062183
156,152.68,94.935,17.768,53.305,0.017001
156,263.73,94.935,17.768,53.305,-0.044714
156,26.91,206.77,22.483,67.448,-0.25815
156,433.15,33.009,20.787,62.36,-0.26941
156,132.27,261.62,18.479,55.438,-0.39654
157,92.835,354.88,37.435,112.31,1.3396
157,74.117,205.14,37.435,112.31,1.13
157,511.84,328.8,33.28,99.84,0.80276
157,552.13,313.02,45.546,136.64,0.78183
157,7.1205,268.09,35.996,107.99,0.63182
157,115,195,32,96,0.15513
157,390.23,68.029,24.317,72.952,-0.058412
157,418.94,29.616,38.933,116.8,-0.28493
157,303.93,327.31,23.382,70.146,-0.30878
158,91.803,343.62,43.794,131.38,1.9089
158,538.13,264.82,40.49,121.47,1.6933
158,154.08,195.68,33.28,99.84,1.0158
158,494.04,278.65,30.769,92.308,0.95501
158,66.262,222.01,34.611,103.83,0.69806
158,115.11,178.1,35.996,107.99,0.31156
158,263.73,94.935,17.768,53.305,-0.1825
159,102.75,343.62,43.794,131.38,1.9761
159,467,235,32,96,1.699
159,520.06,223.09,35.996,107.99,1.2643
159,448.46,66.254,22.483,67.448,0.81147
159,81.871,200.21,29.586,88.757,0.74653
159,152.79,178.75,34.611,103.83,0.46823
160,440.28,205.58,28.448,85.344,1.5334
160,435.46,73.361,21.618,64.854,1.0227
160,494.04,194.04,30.769,92.308,0.6995
160,385.36,65.563,19.987,59.961,0.30215
160,187.01,192.86,23.382,70.146,0.13512
160,120.8,370.4,33.28,99.84,-0.0085108
160,105.79,138.22,21.618,64.854,-0.014033
160,132.5,147.88,30.769,92.308,-0.038945
160,90.692,206.19,18.479,55.438,-0.08419
161,435.46,89.575,21.618,64.854,1.3867
161,426.01,173.11,25.29,75.87,1.1933
161,455.64,161.44,34.611,103.83,0.72002
161,397.88,71.875,22.483,67.448,0.39639
161,124.11,106.11,35.996,107.99,-0.1117
162,413.37,154.14,25.29,75.87,1.2223
162,409.42,78.654,30.769,92.308,0.8603
162,107.62,134.98,27.354,82.061,0.81723
162,514.53,173.11,25.29,75.87,0.77683
162,440.28,91.793,28.448,85.344,0.31898
162,433.17,141.58,28.448,85.344,-0.021301
162,118.41,26.015,18.479,55.438,-0.070986
162,129.23,76.59,42.11,126.33,-0.10241
162,152.79,187.4,34.611,103.83,-0.21088
163,463.95,109.89,25.29,75.87,1.0851
163,104.51,122.74,24.317,72.952,0.84497
163,516.58,154.93,26.302,78.905,0.70992
163,187.71,86.072,18.479,55.438,0.6981
163,470.96,194.04,30.769,92.308,0.45337
163,151.94,128.56,23.382,70.146,0.43819
163,394.04,124.81,30.769,92.308,0.35756
163,416.66,92.736,40.49,121.47,0.1679
163,146.13,95.312,18.479,55.438,0.1645
163,278.58,388,27.354,82.061,0.1371
163,263.73,99.377,17.768,53.305,-0.17469
163,304.08,304.08,35.996,107.99,-0.23358
163,368.23,122.71,23.382,70.146,-0.31086
164,111.02,111.02,23.382,70.146,1.1444
164,469.27,122.74,24.317,72.952,1.1002
164,192.26,94.979,21.618,64.854,0.95324
164,428.64,104.16,33.28,99.84,0.77692
164,422.11,222.4,29.586,88.757,0.43176
164,274.18,385.13,29.586,88.757,0.2383
164,304.08,304.08,35.996,107.99,-0.018041
164,263.73,94.935,17.768,53.305,-0.066538
164,157.12,103.82,17.768,53.305,-0.2317
165,475,131,32,96,2.312
165,421.07,205.1,35.996,107.99,1.1477
165,424.81,132.5,30.769,92.308,1.1267
165,224.69,105.79,21.618,64.854,0.75958
165,194.04,94.038,30.769,92.308,0.6688
165,153.18,100.32,19.218,57.655,0.39465
165,143.57,47.474,19.218,57.655,-0.18361
165,295.19,295.19,40.49,121.47,-0.18896
165,412.07,52.115,35.996,107.99,-0.45379
166,476.9,162.33,27.354,82.061,1.5352
166,410.32,54.955,17.768,53.305,0.51072
166,429.5,170.63,29.586,88.757,0.36881
166,220.01,122.74,24.317,72.952,0.18557
166,150.51,50.573,19.987,59.961,-0.0023592
166,129.15,28.256,19.218,57.655,-0.067345
166,179.39,69.906,43.794,131.38,-0.31715
167,485.91,364.24,37.435,112.31,1.0973
167,428.68,204.81,38.933,116.8,1.0709
167,459.09,178.03,29.586,88.757,0.85845
167,189.68,128.14,27.354,82.061,0.79663
167,43,259,32,96,0.37525
167,150.75,58.354,18.479,55.438,-0.0023253
167,559.77,408.44,21.618,64.854,-0.033803
167,214.89,136.94,20.787,62.36,-0.097387
168,562.59,299.83,43.794,131.38,2.1647
168,495.2,312.16,33.28,99.84,1.3014
168,421.47,243.85,47.368,142.1,0.91349
168,282.58,369.11,34.611,103.83,0.68173
168,230.01,147.82,25.29,75.87,0.54261
168,160.47,46.661,25.29,75.87,0.28587
168,446.26,37.865,19.218,57.655,0.22624
168,204.55,146.1,23.382,70.146,0.12928
168,48.957,317.19,34.611,103.83,0.047526
168,253.56,76.029,26.302,78.905,-0.45861
169,542.06,251.94,37.435,112.31,1.5555
169,421.47,314.9,47.368,142.1,0.68047
169,490.25,265.28,34.611,103.83,0.67906
169,239.66,95.52,19.218,57.655,0.43982
169,441.42,54.955,17.768,53.305,0.32779
169,433.17,248.26,28.448,85.344,0.10093
169,457.08,46.339,21.618,64.854,0.066112
169,165.3,55.871,24.317,72.952,-0.052754
169,257.11,89.575,21.618,64.854,-0.24224
170,526.01,224.28,38.933,116.8,2.1115
170,413.47,276.61,42.11,126.33,1.1706
170,475,243,32,96,0.82984
170,157.98,76.302,19.218,57.655,0.79968
170,116.6,89.575,21.618,64.854,0.70501
170,427,379,32,96,0.37042
170,432.54,59.398,17.768,53.305,0.33132
170,460.28,58.354,18.479,55.438,0.22068
170,194.39,89.179,26.302,78.905,0.18472
170,171.38,92.347,24.317,72.952,0.092088
170,374.32,169.17,27.354,82.061,0.066034
170,265.28,196.05,34.611,103.83,-0.44596
171,404.11,335.79,45.546,136.64,2.0796
171,536.8,195.68,33.28,99.84,1.7761
171,486.35,209.42,30.769,92.308,1.5406
171,206.19,62.973,18.479,55.438,0.88581
171,428.64,195.68,33.28,99.84,0.68478
171,404.8,187.81,26.302,78.905,0.47095
171,107.62,388,27.354,82.061,0.15135
171,153.14,86.267,24.317,72.952,0.12189
171,113.79,95.312,18.479,55.438,0.11262
172,481.28,192.82,29.586,88.757,1.3747
172,427.04,71.497,19.218,57.655,1.3607
172,532.7,195.78,37.435,112.31,0.95565
172,182,85.911,19.218,57.655,0.65148
172,418.94,224.28,38.933,116.8,0.56968
172,448.47,223.86,37.435,112.31,0.40217
172,455.66,76.833,18.479,55.438,0.19446
172,137.44,87.52,33.28,99.84,-0.044069
172,291.21,243.85,47.368,142.1,-0.38873
173,502.06,160.1,35.996,107.99,1.7924
173,467.19,270.65,37.435,112.31,1.2375
173,431.21,256.03,43.794,131.38,1.1654
173,469.27,183.54,24.317,72.952,0.86947
173,189.91,94.358,22.483,67.448,0.59576
173,157.12,86.05,17.768,53.305,0.46607
173,444.22,70.105,23.382,70.146,0.053309
173,169.48,175.32,23.382,70.146,0.028398
173,204.55,75.95,23.382,70.146,0.019514
173,318.53,331.17,25.29,75.87,-0.027319
173,262.52,89.575,21.618,64.854,-0.098292
173,265.28,196.05,34.611,103.83,-0.1824
174,495.2,137.44,33.28,99.84,1.6113
174,161.51,122.06,26.302,78.905,1.5371
174,461.92,137.44,33.28,99.84,1.2328
174,419.25,84.17,21.618,64.854,0.85228
174,323,355,32,96,0.64839
174,504.37,303.05,47.368,142.1,0.1714
174,265.28,196.05,34.611,103.83,-0.0037663
174,446.42,39.874,18.479,55.438,-0.12936
174,360.4,84.976,20.787,62.36,-0.26144
174,478.76,326.3,18.479,55.438,-0.33655
174,478.76,367.88,18.479,55.438,-0.35609
175,408.47,92.347,24.317,72.952,2.0487
175,499,123,32,96,1.8471
175,317.45,364.24,37.435,112.31,0.72809
175,178.67,122.46,22.483,67.448,0.63178
175,141.78,135.21,26.302,78.905,0.55449
175,457.83,111.55,37.435,112.31,0.17217
175,446.26,42.669,19.218,57.655,0.059155
175,245.6,70.88,33.28,99.84,-0.0019281
175,578.65,378.65,30.769,92.308,-0.12359
175,262.48,390.5,28.448,85.344,-0.23645
175,265.28,196.05,34.611,103.83,-0.26473
176,437.68,95.755,26.302,78.905,0.92256
176,470.24,112.48,33.28,99.84,0.76122
176,408.51,100.79,27.354,82.061,0.68694
176,321.46,409.14,23.382,70.146,0.61381
176,501.88,109.89,25.29,75.87,0.57807
176,173.11,122.53,25.29,75.87,0.53847
176,198.4,122.53,25.29,75.87,0.33942
176,244.46,95.52,19.218,57.655,0.29245
176,280.01,345.52,37.435,112.31,0.13571
176,133.7,150.56,22.483,67.448,0.034879
176,261.29,195.78,37.435,112.31,-0.38476
177,295.19,335.68,40.49,121.47,1.4296
177,368.23,122.71,23.382,70.146,1.0191
177,115.11,169.1,35.996,107.99,0.74013
177,401.68,107.62,27.354,82.061,0.6738
177,191.36,134.46,28.448,85.344,0.47905
177,166.79,141.5,25.29,75.87,0.28846
177,463.27,101.73,30.769,92.308,0.22337
177,508.71,100.32,19.218,57.655,-0.044374
177,127.41,78.766,21.618,64.854,-0.081207
177,433.15,110.96,20.787,62.36,-0.19439
177,260.14,82.604,26.302,78.905,-0.32689
178,489.24,90.918,25.29,75.87,1.2149
178,394.07,124.11,35.996,107.99,1.0669
178,287.14,318.72,42.11,126.33,0.98455
178,83.568,196.05,34.611,103.83,0.35664
178,160.95,137.27,47.368,142.1,0.10711
178,240.5,88.737,22.483,67.448,0.013368
178,5.5828,335.79,45.546,136.64,-0.0078852
178,260.14,76.029,26.302,78.905,-0.12865
179,550.33,276.61,42.11,126.33,2.2281
179,422.11,170.63,29.586,88.757,1.5455
179,390.5,134.46,28.448,85.344,1.2554
179,477.13,76.029,26.302,78.905,1.0733
179,143.57,100.32,19.218,57.655,0.78956
179,292.41,302.15,38.933,116.8,0.67053
179,444.3,133.65,29.586,88.757,0.52206
179,70.113,214.1,35.996,107.99,0.49653
179,163.23,178.03,29.586,88.757,0.4686
179,132.5,178.65,30.769,92.308,0.20951
179,262.52,89.575,21.618,64.854,0.14224
179,117.15,81.608,17.768,53.305,-0.048012
179,529.57,81.453,18.479,55.438,-0.30816
180,445.16,314.9,47.368,142.1,1.7691
180,429.68,196.05,34.611,103.83,0.99389
180,552.13,221.93,45.546,136.64,0.87193
180,432.79,80.188,24.317,72.952,0.65626
180,493.43,71.875,22.483,67.448,0.62316
180,32.5,240.19,30.769,92.308,0.21743
180,129.15,85.911,19.218,57.655,0.12901
180,295.19,295.19,40.49,121.47,0.032829
180,143.57,119.54,19.218,57.655,-0.10304
180,445.86,41.629,17.768,53.305,-0.21401
180,108.06,164.99,45.546,136.64,-0.25696
181,556.05,196.1,35.996,107.99,1.599
181,428.64,245.6,33.28,99.84,1.3033
181,472.43,278.86,45.546,136.64,1.222
181,419.25,67.957,21.618,64.854,0.98367
181,308.19,297.67,42.11,126.33,0.49224
181,87.108,251.23,27.354,82.061,0.29216
181,441.8,67.593,18.479,55.438,0.0028563
181,138.76,95.52,19.218,57.655,-0.0039361
181,465.47,76.302,19.218,57.655,-0.21716
181,256.49,80.188,24.317,72.952,-0.43602
182,418.94,292.41,38.933,116.8,1.6541
182,542.06,167.71,37.435,112.31,1.2572
182,411.83,63.345,28.448,85.344,1.1185
182,42.009,219.81,28.448,85.344,0.55496
182,317.12,301.73,30.769,92.308,0.52377
182,82.613,264.82,40.49,121.47,0.28243
182,134.91,37.187,17.768,53.305,0.13975
182,146.13,109.17,18.479,55.438,0.13919
182,65.628,293.24,25.29,75.87,0.064103
182,255.3,78.273,25.29,75.87,-0.086944
182,483.74,251.23,27.354,82.061,-0.18703
182,268.65,220.01,24.317,72.952,-0.29441
182,132.81,154.43,21.618,64.854,-0.37249
182,6.4489,326.49,28.448,85.344,-0.77167
183,532.5,147.88,30.769,92.308,1.4959
183,147.06,116.66,24.317,72.952,1.0784
183,83.568,317.19,34.611,103.83,0.74933
183,48.599,360.4,20.787,62.36,0.60752
183,214.11,181.24,26.302,78.905,0.58759
183,496.81,156.15,38.933,116.8,0.18845
183,116.66,189.62,24.317,72.952,-0.20113
183,407.04,223.69,25.29,75.87,-0.20612
183,427.04,417.43,19.218,57.655,-0.38912
184,88.111,367.08,35.996,107.99,1.1058
184,62.552,408.44,21.618,64.854,1.0047
184,441.45,57.083,19.218,57.655,0.75078
184,459.7,55.013,22.483,67.448,0.44931
184,421.03,230.67,34.611,103.83,0.41376
184,70.113,214.1,35.996,107.99,0.38865
184,203.07,84.17,21.618,64.854,0.20353
184,144.14,196.05,34.611,103.83,0.13366
184,303.93,309.77,23.382,70.146,0.075158
184,111.22,60.634,22.483,67.448,0.037851
184,500.71,74.583,20.787,62.36,-0.032639
184,506.47,169.23,18.479,55.438,-0.16989
184,516.21,89.9,47.368,142.1,-0.41888
185,433.32,267.53,47.368,142.1,1.128
185,432.56,72.213,18.479,55.438,1.0065
185,299,283,32,96,0.45155
185,11.756,244.57,40.49,121.47,0.37369
185,263.68,90.715,19.218,57.655,0.10006
185,112.48,179.04,33.28,99.84,-0.023603
185,449.55,46.078,27.354,82.061,-0.17261
185,82.613,204.08,40.49,121.47,-0.23991
185,483.82,85.288,45.546,136.64,-0.28758
185,128.56,70.105,23.382,70.146,-0.35155
186,445.16,326.74,47.368,142.1,1.8756
186,403.01,66.692,19.218,57.655,1.439
186,147.82,160.47,25.29,75.87,0.64778
186,155.49,59.754,27.354,82.061,0.34341
186,459.13,43.403,20.787,62.36,0.16765
186,64.259,274.7,23.382,70.146,-0.040823
186,527.34,127.41,21.618,64.854,-0.078607
186,303.93,303.93,23.382,70.146,-0.21609
186,111.02,81.796,23.382,70.146,-0.29505
186,82.613,264.82,40.49,121.47,-0.32548
187,170.02,134.46,28.448,85.344,1.0748
187,126.95,224.28,38.933,116.8,0.69691
187,323,299,32,96,0.5087
187,52.916,217.04,27.354,82.061,0.48188
187,97.11,214.1,35.996,107.99,0.40694
187,214.87,54.955,17.768,53.305,-0.0098631
187,196.95,86.072,18.479,55.438,-0.030291
187,268.85,222.09,23.382,70.146,-0.34812
187,263.68,90.715,19.218,57.655,-0.45066
188,144.14,187.4,34.611,103.83,1.2831
188,10.15,263.21,38.933,116.8,1.1802
188,109.53,178.75,34.611,103.83,1.0958
188,183.54,122.74,24.317,72.952,0.90412
188,473.45,111.02,23.382,70.146,0.89627
188,495.2,87.52,33.28,99.84,0.64937
188,243,75,32,96,0.035813
188,303.93,309.77,23.382,70.146,-0.041509
188,191.61,196.42,19.218,57.655,-0.20222
188,360.4,84.976,20.787,62.36,-0.24281
188,23.861,228.2,17.768,53.305,-0.29987
188,255.69,279.37,47.368,142.1,-0.44419
189,189.62,104.51,24.317,72.952,1.5706
189,464.33,100.57,20.787,62.36,1.0299
189,120.91,148.99,37.435,112.31,1.0228
189,486.35,78.654,30.769,92.308,0.48882
189,325.95,296.37,29.586,88.757,0.29435
189,148.65,217.04,27.354,82.061,0.2547
189,374.79,50.513,17.768,53.305,0.027251
189,52.983,286.92,25.29,75.87,-0.023876
190,485.14,81.796,23.382,70.146,1.5563
190,141.04,133.65,29.586,88.757,1.2899
190,74.117,242.58,37.435,112.31,1.0207
190,138.76,42.669,19.218,57.655,0.67796
190,461.75,87.641,23.382,70.146,0.53828
190,328.8,303.84,33.28,99.84,0.16057
190,7.0261,344.81,20.787,62.36,-0.0035658
190,361.46,134.91,17.768,53.305,-0.28992
190,176.01,93.947,27.354,82.061,-0.29167
191,179,123,32,96,1.2377
191,148.99,92.835,37.435,112.31,0.99346
191,123,235,32,96,0.58506
191,311.88,302.15,38.933,116.8,0.312
191,388.6,71.497,19.218,57.655,0.12326
191,387.04,112.48,33.28,99.84,0.11065
191,122,100.38,21.618,64.854,-0.021541
191,406.54,52.246,40.49,121.47,-0.2537
191,286.09,286.09,35.996,107.99,-0.32652
192,421.07,133.11,35.996,107.99,1.3104
192,189.68,114.46,27.354,82.061,1.0566
192,419.25,73.361,21.618,64.854,0.72071
192,173.05,105.6,22.483,67.448,0.50973
192,140.98,122.74,24.317,72.952,0.46798
192,122.53,103.56,25.29,75.87,0.39499
192,135.48,230.67,34.611,103.83,0.36156
192,297.67,287.14,42.11,126.33,0.305
193,455.64,170.1,34.611,103.83,1.9651
193,161.81,105.6,22.483,67.448,1.1764
193,150.56,139.32,22.483,67.448,0.56644
193,308.09,298.73,37.435,112.31,0.23312
193,135.52,70.56,19.987,59.961,0.18212
193,143.57,95.52,19.218,57.655,0.005929
193,141.5,242.66,25.29,75.87,-0.054352
193,116.87,122.71,23.382,70.146,-0.13803
193,444.25,69.453,26.302,78.905,-0.17175
194,477.34,195.08,38.933,116.8,2.0352
194,309.42,301.73,30.769,92.308,0.27118
194,151.94,146.1,23.382,70.146,0.18053
194,127.41,62.552,21.618,64.854,-0.38261
195,495.2,233.31,45.546,136.64,1.5624
195,170.5,100.54,19.987,59.961,0.50616
195,304.08,304.08,35.996,107.99,0.50381
195,118.41,53.734,18.479,55.438,0.33049
195,143.8,99.377,17.768,53.305,0.28574
195,100.32,191.61,19.218,57.655,-0.10066
195,125.52,265.43,19.987,59.961,-0.28772
196,210.4,105.18,23.382,70.146,1.8903
196,529.27,287.14,42.11,126.33,1.7424
196,114.46,189.68,27.354,82.061,1.0754
196,311.16,303.76,29.586,88.757,0.80247
196,175.32,111.02,23.382,70.146,0.71523
196,283,291,32,96,-0.18544
196,127.41,273.33,21.618,64.854,-0.33256
197,450.3,41.629,17.768,53.305,1.3814
197,535.74,360.55,38.933,116.8,0.72397
197,308.09,298.73,37.435,112.31,0.59959
197,103.82,290.39,17.768,53.305,0.28526
197,380.36,50.573,19.987,59.961,0.23814
197,245.03,350.3,42.11,126.33,-0.1003
197,521.38,388.11,17.768,53.305,-0.28181
197,48.957,204.71,34.611,103.83,-0.31971
198,396.77,53.796,20.787,62.36,0.77296
198,491,115,32,96,0.68502
198,8.6053,233.22,37.435,112.31,0.28375
198,70.113,304.08,35.996,107.99,-0.010668
198,308.09,298.73,37.435,112.31,-0.088544
199,80.854,288.88,43.794,131.38,1.3535
199,450.3,41.629,17.768,53.305,1.148
199,410.34,65.563,19.987,59.961,0.55254
199,329.25,308.19,42.11,126.33,0.32075
199,8.6053,289.37,37.435,112.31,0.063179
199,383.67,130.47,17.768,53.305,-0.32821
200,69.906,277.93,43.794,131.38,1.3974
200,436.9,148.44,29.586,88.757,1.3751
200,407.17,147.34,20.787,62.36,0.76582
200,321.72,332.67,43.794,131.38,0.75784
200,450.3,41.629,17.768,53.305,0.60149
200,501.88,160.47,25.29,75.87,0.5715
200,136.94,90.172,20.787,62.36,0.51824
200,280.42,325.4,19.987,59.961,-0.26849
