1,396.31,80.188,24.317,72.952,1.9459
1,88.015,292.41,38.933,116.8,1.7987
1,420.33,90.547,19.987,59.961,1.5982
1,468.73,155.8,28.448,85.344,1.4494
1,511.1,95.369,20.787,62.36,1.1775
1,207.54,141.78,26.302,78.905,0.83859
1,448.07,259.09,35.996,107.99,0.79733
1,451.3,78.273,25.29,75.87,0.69933
1,198.47,212.7,28.448,85.344,0.45784
1,154.93,141.78,26.302,78.905,0.3952
1,186.86,143.62,21.618,64.854,0.34977
1,490.98,75.95,23.382,70.146,0.22277
1,201.57,49.114,18.479,55.438,0.21894
1,145.76,378.72,33.28,99.84,0.18555
1,479.92,391.58,20.787,62.36,0.17478
1,363.26,90.692,18.479,55.438,0.15194
1,172.39,129.15,19.218,57.655,0.11935
1,326.81,270.65,37.435,112.31,0.10274
1,575.23,95.544,19.987,59.961,0.0046592
2,470.24,179.04,33.28,99.84,1.6866
2,404.8,89.179,26.302,78.905,1.4053
2,430.06,100.38,21.618,64.854,1.2431
2,120.91,280.01,37.435,112.31,1.0105
2,171.38,128.82,24.317,72.952,0.9871
2,220.01,128.82,24.317,72.952,0.8606
2,485.14,70.105,23.382,70.146,0.69991
2,451.3,84.596,25.29,75.87,0.67657
2,392.41,318.72,42.11,126.33,0.66138
2,477.34,292.41,38.933,116.8,0.63738
2,121.35,58.993,20.787,62.36,0.57342
2,470.3,90.547,19.987,59.961,0.5033
2,173.05,66.254,22.483,67.448,0.47964
2,3,227,32,96,0.42211
2,210.83,57.083,19.218,57.655,0.30078
2,146.55,332.67,43.794,131.38,0.19423
2,364.15,386.63,22.483,67.448,0.15485
2,420.32,378.72,33.28,99.84,0.12958
2,186.86,100.38,21.618,64.854,0.10477
2,34.897,205.58,28.448,85.344,0.099451
3,457.83,205.14,37.435,112.31,2.3975
3,496.9,343.62,43.794,131.38,1.8585
3,148.44,215.01,29.586,88.757,1.5076
3,201.57,86.072,18.479,55.438,0.91751
3,411.83,98.904,28.448,85.344,0.883
3,435.46,111.19,21.618,64.854,0.85636
3,457.4,89.179,26.302,78.905,0.68109
3,66.216,160.95,47.368,142.1,0.51657
3,479.92,100.57,20.787,62.36,0.51304
3,127.41,67.957,21.618,64.854,0.38071
3,176.05,67.957,21.618,64.854,0.33325
3,220.01,116.66,24.317,72.952,0.12689
3,208.47,192.26,21.618,64.854,0.119
4,445.05,234.5,42.11,126.33,1.8959
4,133.7,71.875,22.483,67.448,1.305
4,426.01,122.53,25.29,75.87,1.2563
4,121.3,141.82,27.354,82.061,1.2217
4,141.58,198.47,28.448,85.344,1.1807
4,213.88,105.79,21.618,64.854,1.1372
4,476.57,111.22,22.483,67.448,1.0092
4,447.88,109.42,30.769,92.308,0.56653
4,253.92,378.72,33.28,99.84,0.53978
4,99,171,32,96,0.53427
4,179.43,78.273,25.29,75.87,0.30543
4,424.65,57.148,21.618,64.854,0.26925
4,470.94,60.634,22.483,67.448,0.21974
4,141.78,391.65,26.302,78.905,0.11867
4,187.81,194.39,26.302,78.905,0.1113
4,437.18,81.453,18.479,55.438,0.10336
5,445.16,279.37,47.368,142.1,1.5567
5,412.62,52.279,19.218,57.655,1.4919
5,170.96,170.96,30.769,92.308,1.4334
5,148.37,85.911,19.218,57.655,1.4114
5,463.22,134.98,27.354,82.061,1.1936
5,435,115,32,96,1.0994
5,66.063,329.25,42.11,126.33,1.0641
5,470.28,52.279,19.218,57.655,0.731
5,133.96,124.35,19.218,57.655,0.58736
5,127.65,44.494,18.479,55.438,0.57699
5,131,171,32,96,0.44165
5,192.26,105.79,21.618,64.854,0.43811
5,113.13,141.58,28.448,85.344,0.38881
5,308.09,280.01,37.435,112.31,0.31129
5,169.17,80.27,27.354,82.061,0.27461
5,118.41,86.072,18.479,55.438,0.20448
5,41.629,290.39,17.768,53.305,0.098341
5,580.23,415.34,19.987,59.961,0.079483
5,266.78,385.13,29.586,88.757,0.0058355
6,464.05,332.67,43.794,131.38,1.7243
6,473.88,155.84,29.586,88.757,1.6088
6,321.61,302.15,38.933,116.8,0.88723
6,139.36,46.071,17.768,53.305,0.88671
6,109.42,155.58,30.769,92.308,0.78791
6,70.88,320.48,33.28,99.84,0.7687
6,216.24,111.02,23.382,70.146,0.76684
6,463.19,128.82,24.317,72.952,0.75132
6,263.21,360.55,38.933,116.8,0.69034
6,444.3,148.44,29.586,88.757,0.68065
6,175.49,100.54,19.987,59.961,0.58643
6,148.69,155.8,28.448,85.344,0.31523
6,436.65,129.15,19.218,57.655,0.17794
6,104.16,378.72,33.28,99.84,0.15785
6,122.53,128.85,25.29,75.87,0.15029
6,141.78,391.65,26.302,78.905,0.14886
6,410.34,50.573,19.987,59.961,0.014043
7,483,179,32,96,1.161
7,274.18,385.13,29.586,88.757,1.0985
7,451,171,32,96,0.77291
7,148.37,52.279,19.218,57.655,0.71711
7,91.793,141.58,28.448,85.344,0.67798
7,179,99,32,96,0.56549
7,97.749,360.55,38.933,116.8,0.54692
7,326.74,267.53,47.368,142.1,0.42714
7,157.73,100.57,20.787,62.36,0.40961
7,446.27,143.62,21.618,64.854,0.17636
7,474.72,147.34,20.787,62.36,0.14161
7,126.25,104.06,29.586,88.757,0.11762
7,1.7308,347.88,30.769,92.308,0.015875
8,64.759,280.01,37.435,112.31,1.2871
8,455.64,196.05,34.611,103.83,1.2649
8,488.68,215.01,29.586,88.757,0.93436
8,431.6,71.875,22.483,67.448,0.73714
8,11,291,32,96,0.69445
8,195.53,105.6,22.483,67.448,0.55479
8,93.947,141.82,27.354,82.061,0.48011
8,121.35,147.34,20.787,62.36,0.42528
8,234.03,383.38,28.448,85.344,0.36135
8,345.52,289.37,37.435,112.31,0.3417
8,207.54,135.21,26.302,78.905,0.32599
8,162.93,64.189,20.787,62.36,0.23724
8,153.14,122.74,24.317,72.952,0.19811
8,483,163,32,96,0.16376
8,140.25,163.63,23.382,70.146,0.088937
8,141.51,44.494,18.479,55.438,0.0056202
8,386.36,44.494,18.479,55.438,0.0031197
9,204.55,122.71,23.382,70.146,1.2877
9,507.56,178.75,34.611,103.83,1.2756
9,83.568,247.97,34.611,103.83,1.1389
9,137.44,237.28,33.28,99.84,1.1266
9,448.14,224.28,38.933,116.8,0.93919
9,169.48,122.71,23.382,70.146,0.84144
9,483,243,32,96,0.82599
9,354.88,280.01,37.435,112.31,0.71922
9,482.91,185.76,25.29,75.87,0.53595
9,135.18,179.43,25.29,75.87,0.38413
9,181.17,70.105,23.382,70.146,0.34158
9,128.63,89.179,26.302,78.905,0.29914
9,493.43,71.875,22.483,67.448,0.027174
10,495.27,214.5,37.435,112.31,1.4978
10,196.52,134.98,27.354,82.061,1.2606
10,148.69,212.7,28.448,85.344,1.0527
10,524.81,217.12,30.769,92.308,1.0171
10,438.27,244.7,45.546,136.64,0.61953
10,370.28,282.68,38.933,116.8,0.58138
10,129.15,85.911,19.218,57.655,0.39539
10,186.81,85.911,19.218,57.655,0.38687
10,410.34,60.567,19.987,59.961,0.38309
10,162.78,47.474,19.218,57.655,0.37362
10,192.82,207.61,29.586,88.757,0.23317
10,141.78,398.22,26.302,78.905,0.20004
10,171,163,32,96,0.17837
10,205.58,98.904,28.448,85.344,0.17825
10,154.93,135.21,26.302,78.905,0.1533
10,115,163,32,96,0.10127
10,386.36,53.734,18.479,55.438,0.087348
10,135.21,141.78,26.302,78.905,0.0024097
11,235,171,32,96,1.9145
11,507.85,234.13,43.794,131.38,1.5672
11,194.39,187.81,26.302,78.905,1.2977
11,188.91,95.369,20.787,62.36,0.85894
11,536.8,245.6,33.28,99.84,0.79816
11,381.16,312.78,27.354,82.061,0.72678
11,403.04,57.148,21.618,64.854,0.67611
11,140.19,155.58,30.769,92.308,0.51977
11,409.63,267.53,47.368,142.1,0.51697
11,442.84,66.254,22.483,67.448,0.48776
11,127.41,67.957,21.618,64.854,0.36307
11,74.915,196.05,34.611,103.83,0.23281
11,162.93,53.796,20.787,62.36,0.17024
12,516.28,282.68,38.933,116.8,2.0766
12,215.01,155.84,29.586,88.757,1.8112
12,427.95,64.189,20.787,62.36,1.2092
12,184.29,111.22,22.483,67.448,0.99751
12,547.06,277.09,35.996,107.99,0.99344
12,127.41,67.957,21.618,64.854,0.8637
12,476.96,77.166,17.768,53.305,0.80931
12,161.51,135.21,26.302,78.905,0.6334
12,409.63,267.53,47.368,142.1,0.5604
12,454.75,41.629,17.768,53.305,0.55773
12,370.28,282.68,38.933,116.8,0.41658
12,70.88,237.28,33.28,99.84,0.36193
12,20.592,210.47,19.987,59.961,0.35551
12,132.81,149.02,21.618,64.854,0.27461
12,262.98,150.56,22.483,67.448,0.25303
12,35,227,32,96,0.2336
12,97.241,179.43,25.29,75.87,0.13278
12,160.5,370.37,19.987,59.961,0.056817
12,169.17,39.239,27.354,82.061,0.017815
12,115,171,32,96,0.002476
13,551.64,321.72,43.794,131.38,1.6607
13,517.98,335.79,45.546,136.64,1.4009
13,220.69,135.21,26.302,78.905,1.3963
13,177.46,128.82,24.317,72.952,1.3704
13,318.72,329.25,42.11,126.33,1.1478
13,127.41,57.148,21.618,64.854,0.80206
13,409.63,267.53,47.368,142.1,0.73846
13,266.72,128.63,26.302,78.905,0.64555
13,473.45,70.105,23.382,70.146,0.52804
13,120.91,364.24,37.435,112.31,0.47499
13,378.72,303.84,33.28,99.84,0.33689
13,473.3,143.62,21.618,64.854,0.28896
13,189.62,68.029,24.317,72.952,0.2335
13,126.25,155.84,29.586,88.757,0.072839
13,113.13,198.47,28.448,85.344,0.040062
14,113.7,343.62,43.794,131.38,1.5972
14,227.93,122.71,23.382,70.146,1.3246
14,3,227,32,96,1.1495
14,177.14,148.69,28.448,85.344,1.093
14,257.16,116.87,23.382,70.146,1.083
14,70.457,198.47,28.448,85.344,0.85563
14,409.63,267.53,47.368,142.1,0.82125
14,436.65,57.083,19.218,57.655,0.76018
14,141.58,155.8,28.448,85.344,0.70702
14,520.16,378.72,33.28,99.84,0.58032
14,381.16,312.78,27.354,82.061,0.56407
14,215.47,100.54,19.987,59.961,0.55882
14,195.48,90.547,19.987,59.961,0.46527
14,154.14,71.951,25.29,75.87,0.44965
14,570.08,378.72,33.28,99.84,0.2091
14,123.03,196.95,18.479,55.438,0.084828
15,108.06,335.79,45.546,136.64,2.2405
15,179,171,32,96,1.3652
15,442.84,60.634,22.483,67.448,1.2644
15,115,163,32,96,0.96188
15,409.63,267.53,47.368,142.1,0.89211
15,187.81,82.604,26.302,78.905,0.87994
15,157.79,169.48,23.382,70.146,0.62221
15,378.72,303.84,33.28,99.84,0.54686
15,80.27,203.36,27.354,82.061,0.52106
15,229.25,105.6,22.483,67.448,0.49136
15,162.93,95.369,20.787,62.36,0.45687
15,52.916,196.52,27.354,82.061,0.26146
15,141.78,391.65,26.302,78.905,0.15377
15,21.878,224.33,40.49,121.47,0.12223
15,290.93,212.7,28.448,85.344,0.068295
15,364.15,251.74,22.483,67.448,0.047442
15,561.91,423.32,18.479,55.438,0.0049238
16,104.16,179.04,33.28,99.84,1.1257
16,97.749,360.55,38.933,116.8,1.0727
16,451.68,67.957,21.618,64.854,1.0473
16,154.93,187.81,26.302,78.905,0.98166
16,381.16,312.78,27.354,82.061,0.78887
16,185.42,207.61,29.586,88.757,0.67226
16,154.43,105.79,21.618,64.854,0.62153
16,409.63,267.53,47.368,142.1,0.5636
16,192.26,105.79,21.618,64.854,0.48125
16,17.964,205.14,37.435,112.31,0.43449
16,52.115,205.1,35.996,107.99,0.41792
16,126.95,214.55,38.933,116.8,0.18208
16,205.99,77.166,17.768,53.305,0.01563
17,88.111,205.1,35.996,107.99,1.2129
17,205.99,86.05,17.768,53.305,0.98352
17,187.01,122.71,23.382,70.146,0.80391
17,147.06,116.66,24.317,72.952,0.74621
17,469.27,80.188,24.317,72.952,0.69077
17,192.66,77.166,17.768,53.305,0.51591
17,124.11,205.1,35.996,107.99,0.45144
17,404.11,267.47,45.546,136.64,0.41336
17,370.28,282.68,38.933,116.8,0.3486
17,130.27,364.24,37.435,112.31,0.30881
17,173.11,84.596,25.29,75.87,0.28063
17,12.64,237.28,33.28,99.84,0.21636
17,225.24,85.911,19.218,57.655,0.21072
17,364.15,251.74,22.483,67.448,0.19103
18,206.03,95.52,19.218,57.655,1.4267
18,470.55,89.179,26.302,78.905,1.1072
18,104.16,245.6,33.28,99.84,0.90608
18,140.98,128.82,24.317,72.952,0.82908
18,181.24,128.63,26.302,78.905,0.77026
18,57.61,247.97,34.611,103.83,0.59772
18,188.22,81.608,17.768,53.305,0.46598
18,404.11,267.47,45.546,136.64,0.42117
18,378.72,303.84,33.28,99.84,0.41535
18,163,163,32,96,0.095489
18,304.08,268.09,35.996,107.99,0.092089
18,243.75,360.55,38.933,116.8,0.017934
19,481.28,104.06,29.586,88.757,1.1129
19,169.17,148.65,27.354,82.061,0.86599
19,209.7,105.76,20.787,62.36,0.70131
19,127.35,141.58,28.448,85.344,0.61075
19,58.816,292.41,38.933,116.8,0.60522
19,381.16,312.78,27.354,82.061,0.60369
19,3,291,32,96,0.5719
19,15.303,222.4,29.586,88.757,0.40396
19,402.94,318.72,42.11,126.33,0.34414
19,292.97,220.01,24.317,72.952,0.16525
19,141.78,398.22,26.302,78.905,0.12861
20,499,115,32,96,0.95635
20,210.83,124.35,19.218,57.655,0.82355
20,381.16,312.78,27.354,82.061,0.68659
20,155.58,163.27,30.769,92.308,0.65274
20,404.11,256.09,45.546,136.64,0.59729
20,54.24,179.04,33.28,99.84,0.53057
20,164.99,335.79,45.546,136.64,0.31766
20,115,163,32,96,0.21866
20,478.7,67.957,21.618,64.854,0.19862
20,292.97,220.01,24.317,72.952,0.18841
20,243.75,360.55,38.933,116.8,0.042743
20,562.59,343.62,43.794,131.38,0.012265
20,173.72,133.23,40.49,121.47,0.0070615
21,204.5,136.94,20.787,62.36,1.3816
21,409.21,282.68,38.933,116.8,1.0323
21,516.28,136.68,38.933,116.8,1.0293
21,145.76,378.72,33.28,99.84,0.7252
21,128.82,116.66,24.317,72.952,0.69913
21,178.47,53.734,18.479,55.438,0.56294
21,168.08,135.21,26.302,78.905,0.50228
21,117.15,46.071,17.768,53.305,0.49237
21,374.11,255.69,47.368,142.1,0.32282
21,147.82,179.43,25.29,75.87,0.32229
21,478.76,81.453,18.479,55.438,0.16809
21,292.97,220.01,24.317,72.952,0.019881
22,206.77,150.56,22.483,67.448,1.3631
22,515,179,32,96,1.3279
22,409.21,282.68,38.933,116.8,1.0923
22,120.91,364.24,37.435,112.31,0.97833
22,139.36,50.513,17.768,53.305,0.73379
22,170.45,50.513,17.768,53.305,0.50265
22,370.28,282.68,38.933,116.8,0.48581
22,481.42,80.188,24.317,72.952,0.43448
22,113.13,205.58,28.448,85.344,0.41549
22,88.015,214.55,38.933,116.8,0.31478
22,187.01,122.71,23.382,70.146,0.29411
22,141.78,128.63,26.302,78.905,0.271
22,163.23,148.44,29.586,88.757,0.18443
22,109.89,135.18,25.29,75.87,0.17863
22,128.85,173.11,25.29,75.87,0.11644
22,123.03,53.734,18.479,55.438,0.087121
23,526.01,214.55,38.933,116.8,1.7149
23,195.7,177.46,24.317,72.952,1.5824
23,127.41,111.19,21.618,64.854,1.402
23,157.79,116.87,23.382,70.146,1.3044
23,409.21,282.68,38.933,116.8,1.171
23,113.7,343.62,43.794,131.38,1.0245
23,43.116,259.09,35.996,107.99,0.58437
23,362.26,255.69,47.368,142.1,0.44862
23,487.08,360.55,38.933,116.8,0.34899
23,490.29,90.547,19.987,59.961,0.33332
23,148.69,198.47,28.448,85.344,0.1085
23,101.73,155.58,30.769,92.308,0.028377
24,134.41,122.71,23.382,70.146,1.7909
24,120.91,364.24,37.435,112.31,1.3278
24,540.75,244.7,45.546,136.64,1.2964
24,409.21,282.68,38.933,116.8,1.061
24,163.63,210.4,23.382,70.146,0.69001
24,87.52,179.04,33.28,99.84,0.45909
24,362.26,255.69,47.368,142.1,0.43705
24,476.63,308.19,42.11,126.33,0.29854
24,118.18,196.05,34.611,103.83,0.2478
24,162.93,105.76,20.787,62.36,0.23872
25,160.47,135.18,25.29,75.87,1.5519
25,409.21,282.68,38.933,116.8,1.3411
25,483.82,267.47,45.546,136.64,1.2194
25,548.25,305.31,40.49,121.47,1.0246
25,124.81,232.5,30.769,92.308,0.79018
25,517.9,80.188,24.317,72.952,0.58817
25,68.029,213.93,24.317,72.952,0.41708
25,362.26,255.69,47.368,142.1,0.41174
25,112.48,378.72,33.28,99.84,0.15787
25,74.109,274.73,24.317,72.952,0.084304
25,166.01,81.608,17.768,53.305,0.077108
25,135.52,90.547,19.987,59.961,0.036484
25,83,235,32,96,0.026847
26,155.84,155.84,29.586,88.757,1.7253
26,409.21,282.68,38.933,116.8,1.484
26,96.664,274.18,29.586,88.757,1.2991
26,476.63,234.5,42.11,126.33,1.2609
26,180.49,90.547,19.987,59.961,1.1942
26,206.03,85.911,19.218,57.655,0.688
26,362.26,255.69,47.368,142.1,0.57882
26,149.02,100.38,21.618,64.854,0.46502
26,25.562,251.23,27.354,82.061,0.43476
26,159.99,81.453,18.479,55.438,0.27619
26,142.14,396.77,20.787,62.36,0.2034
26,263.68,90.715,19.218,57.655,0.1393
26,290.93,212.7,28.448,85.344,0.10568
26,142.14,136.94,20.787,62.36,0.067751
27,133.11,187.1,35.996,107.99,1.4817
27,409.21,282.68,38.933,116.8,1.1059
27,213.88,100.38,21.618,64.854,0.90497
27,196.95,86.072,18.479,55.438,0.60437
27,362.26,255.69,47.368,142.1,0.44639
27,251.27,95.369,20.787,62.36,0.26252
27,22.998,325.85,34.611,103.83,0.167
27,467.19,205.14,37.435,112.31,0.12522
27,290.93,212.7,28.448,85.344,0.11977
27,11,235,32,96,0.1051
27,157.79,169.48,23.382,70.146,0.029364
27,109.42,155.58,30.769,92.308,0.028779
27,10.599,370.37,19.987,59.961,0.028633
28,107.48,214.55,38.933,116.8,1.0598
28,409.21,282.68,38.933,116.8,0.61809
28,184.25,91.793,28.448,85.344,0.52634
28,381.75,274.27,25.29,75.87,0.44458
28,464.29,187.4,34.611,103.83,0.31574
28,354.88,289.37,37.435,112.31,0.20977
28,67.078,215.01,29.586,88.757,0.12297
28,16.119,205.1,35.996,107.99,0.1206
29,436.96,170.72,33.28,99.84,1.0712
29,25.118,259.09,35.996,107.99,0.90207
29,189.68,93.947,27.354,82.061,0.71101
29,379.23,46.071,17.768,53.305,0.65533
29,364.24,270.65,37.435,112.31,0.43159
29,154.43,111.19,21.618,64.854,0.4191
29,365.92,116.66,24.317,72.952,0.36788
29,74.109,213.93,24.317,72.952,0.31734
29,335.68,305.31,40.49,121.47,0.22925
29,192.86,169.48,23.382,70.146,0.21345
29,326.3,418.7,18.479,55.438,0.097722
29,263.68,90.715,19.218,57.655,0.093235
30,413.37,128.85,25.29,75.87,1.3047
30,163.23,104.06,29.586,88.757,1.0517
30,192.82,96.664,29.586,88.757,0.99012
30,379.23,46.071,17.768,53.305,0.8678
30,305.31,305.31,40.49,121.47,0.75762
30,354.88,280.01,37.435,112.31,0.69712
30,382.96,139.63,37.435,112.31,0.18073
30,158.35,364.24,37.435,112.31,0.041223
30,290.93,212.7,28.448,85.344,0.027707
31,137.44,378.72,33.28,99.84,1.0378
31,354.88,280.01,37.435,112.31,0.77097
31,440.19,155.58,30.769,92.308,0.72014
31,121.35,178.52,20.787,62.36,0.61147
31,465.32,111.22,22.483,67.448,0.5947
31,420.63,171.38,24.317,72.952,0.59124
31,379.23,46.071,17.768,53.305,0.57191
31,139.32,71.875,22.483,67.448,0.50989
31,233.91,123.03,18.479,55.438,0.50065
31,305.31,305.31,40.49,121.47,0.28298
31,171.38,122.74,24.317,72.952,0.24513
31,109.17,81.453,18.479,55.438,0.045679
32,87.52,370.4,33.28,99.84,1.1827
32,460.28,53.734,18.479,55.438,1.1317
32,435.87,196.52,27.354,82.061,1.1078
32,123.03,86.072,18.479,55.438,0.89362
32,12.64,312.16,33.28,99.84,0.89318
32,470.06,189.68,27.354,82.061,0.88363
32,437.18,53.734,18.479,55.438,0.86516
32,354.88,280.01,37.435,112.31,0.71652
32,379.23,46.071,17.768,53.305,0.28985
32,305.31,305.31,40.49,121.47,0.20702
32,292.97,220.01,24.317,72.952,0.1575
32,455.31,175.49,19.987,59.961,0.0073953
33,435.32,55.57,19.987,59.961,1.1859
33,509.42,232.5,30.769,92.308,1.1139
33,448.14,224.28,38.933,116.8,0.97752
33,217.04,141.82,27.354,82.061,0.69365
33,350.42,255.69,47.368,142.1,0.49484
33,104.16,378.72,33.28,99.84,0.45571
33,470.28,52.279,19.218,57.655,0.44717
33,308.19,308.19,42.11,126.33,0.38514
33,388.11,50.513,17.768,53.305,0.35661
33,155.84,148.44,29.586,88.757,0.33191
33,455.86,57.083,19.218,57.655,0.20917
33,175.49,90.547,19.987,59.961,0.13789
33,50.513,148.24,17.768,53.305,0.087612
34,453.1,343.62,43.794,131.38,1.9824
34,532.7,270.65,37.435,112.31,1.4939
34,435.32,60.567,19.987,59.961,1.4186
34,178.67,116.84,22.483,67.448,1.0715
34,154.14,84.596,25.29,75.87,0.84918
34,460.31,60.567,19.987,59.961,0.70815
34,308.19,308.19,42.11,126.33,0.60353
34,490.58,312.78,27.354,82.061,0.59926
34,142.14,391.58,20.787,62.36,0.49205
34,128.82,116.66,24.317,72.952,0.3868
34,122.71,309.77,23.382,70.146,0.30018
34,70.457,262.48,28.448,85.344,0.29985
34,96.664,274.18,29.586,88.757,0.25099
34,170.45,77.166,17.768,53.305,0.21258
34,104.55,238.53,18.479,55.438,0.086718
34,352.2,286.44,26.302,78.905,0.072961
34,261.63,223.69,25.29,75.87,0.00025964
35,171.38,128.82,24.317,72.952,1.5711
35,448.14,302.15,38.933,116.8,1.5342
35,120.8,237.28,33.28,99.84,1.0071
35,99,227,32,96,0.83915
35,39.239,244.39,27.354,82.061,0.78383
35,237.2,104.06,29.586,88.757,0.69825
35,308.19,308.19,42.11,126.33,0.42385
35,597.6,370.61,21.618,64.854,0.40507
35,189.68,93.947,27.354,82.061,0.39162
35,432.33,84.596,25.29,75.87,0.27681
35,410.34,55.57,19.987,59.961,0.24605
35,551.64,343.62,43.794,131.38,0.23894
35,526.01,292.41,38.933,116.8,0.22665
35,475,80.854,43.794,131.38,0.22224
35,170.45,41.629,17.768,53.305,0.22211
35,510.28,90.547,19.987,59.961,0.20315
35,224.28,360.55,38.933,116.8,0.12032
35,20.592,210.47,19.987,59.961,0.097293
35,571.17,90.715,19.218,57.655,0.096185
35,126.25,96.664,29.586,88.757,0.074062
35,341.6,317.28,24.317,72.952,0.069963
35,487.16,308.19,42.11,126.33,0.032411
36,493.06,277.09,35.996,107.99,1.4337
36,477.13,89.179,26.302,78.905,1.0835
36,134.98,148.65,27.354,82.061,0.95592
36,438.66,84.596,25.29,75.87,0.7789
36,237.2,96.664,29.586,88.757,0.65188
36,118.85,207.61,29.586,88.757,0.53002
36,189.62,116.66,24.317,72.952,0.45111
36,170.64,105.79,21.618,64.854,0.43055
36,147.06,226.09,24.317,72.952,0.37815
36,453.1,332.67,43.794,131.38,0.29907
36,308.19,308.19,42.11,126.33,0.24735
36,261.63,223.69,25.29,75.87,0.18042
36,233.84,398.22,26.302,78.905,0.15105
36,114.46,87.108,27.354,82.061,0.094199
36,43,299,32,96,0.023246
37,467.27,224.33,40.49,121.47,1.5802
37,165.3,116.66,24.317,72.952,1.2972
37,470.94,105.6,22.483,67.448,1.1071
37,139,179,32,96,0.89688
37,507.76,224.33,40.49,121.47,0.86753
37,426.68,75.95,23.382,70.146,0.5287
37,450.06,75.95,23.382,70.146,0.50086
37,187.81,398.22,26.302,78.905,0.42698
37,87.52,170.72,33.28,99.84,0.37639
37,201.22,210.83,19.218,57.655,0.32606
37,376.08,277.09,35.996,107.99,0.29198
37,326.14,321.34,19.218,57.655,0.11222
38,484.06,196.1,35.996,107.99,2.1349
38,529.06,205.1,35.996,107.99,1.8031
38,497.69,318.72,42.11,126.33,1.2383
38,487.5,116.66,24.317,72.952,0.87822
38,420.33,90.547,19.987,59.961,0.84382
38,444.95,80.188,24.317,72.952,0.78759
38,45.92,187.36,33.28,99.84,0.71492
38,145.76,378.72,33.28,99.84,0.60502
38,392.52,222.4,29.586,88.757,0.41653
38,153.14,128.82,24.317,72.952,0.37241
38,305.31,305.31,40.49,121.47,0.31938
38,198.4,173.11,25.29,75.87,0.10198
38,163.63,169.48,23.382,70.146,0.055762
38,511.1,183.71,20.787,62.36,0.033543
39,470.24,170.72,33.28,99.84,1.9178
39,136.68,360.55,38.933,116.8,1.5166
39,520.16,179.04,33.28,99.84,1.4691
39,403.04,100.38,21.618,64.854,1.2043
39,3,227,32,96,1.0589
39,431.1,89.179,26.302,78.905,1.0528
39,140.51,90.547,19.987,59.961,0.41233
39,392.72,267.47,45.546,136.64,0.37512
39,341.6,323.36,24.317,72.952,0.3534
39,305.31,305.31,40.49,121.47,0.31343
39,184.29,150.56,22.483,67.448,0.26743
39,157.12,148.24,17.768,53.305,0.24101
39,508.2,122.53,25.29,75.87,0.19083
39,392.32,205.14,37.435,112.31,0.15571
39,165.3,177.46,24.317,72.952,0.14187
39,196.05,196.05,34.611,103.83,0.035108
39,414.99,64.259,23.382,70.146,0.0021503
40,501.73,155.58,30.769,92.308,1.9875
40,461.61,155.8,28.448,85.344,1.5423
40,193.96,143.35,40.49,121.47,0.90866
40,169.1,196.1,35.996,107.99,0.84442
40,102.75,343.62,43.794,131.38,0.83149
40,68.549,302.15,38.933,116.8,0.82407
40,412.07,205.1,35.996,107.99,0.71677
40,386.63,71.875,22.483,67.448,0.47555
40,472.51,77.166,17.768,53.305,0.39304
40,529.73,141.78,26.302,78.905,0.39162
40,305.31,305.31,40.49,121.47,0.3707
40,165.24,149.02,21.618,64.854,0.3143
40,367.48,93.947,27.354,82.061,0.30729
40,397.88,201.15,22.483,67.448,0.29568
40,162.78,95.52,19.218,57.655,0.25225
40,182,133.96,19.218,57.655,0.23484
40,341.6,323.36,24.317,72.952,0.17667
40,397.88,105.6,22.483,67.448,0.094316
41,113.7,343.62,43.794,131.38,1.7332
41,457.4,135.21,26.302,78.905,1.1817
41,186.81,124.35,19.218,57.655,0.93806
41,414.99,75.95,23.382,70.146,0.7431
41,421.07,187.1,35.996,107.99,0.62261
41,532.5,155.58,30.769,92.308,0.56877
41,472.51,81.608,17.768,53.305,0.53363
41,482.95,141.58,28.448,85.344,0.30783
41,308.19,308.19,42.11,126.33,0.28057
41,171,163,32,96,0.20098
41,168.12,100.57,20.787,62.36,0.17846
41,203.36,141.82,27.354,82.061,0.16313
41,134.98,251.23,27.354,82.061,0.076016
41,153.14,116.66,24.317,72.952,0.059917
41,339.05,339.05,26.302,78.905,0.054968
42,136.68,360.55,38.933,116.8,1.2398
42,25.118,196.1,35.996,107.99,1.2163
42,511.82,122.74,24.317,72.952,1.0326
42,168.08,141.78,26.302,78.905,0.95531
42,444.95,116.66,24.317,72.952,0.955
42,476.59,122.53,25.29,75.87,0.88189
42,211,115,32,96,0.69121
42,474.14,81.453,18.479,55.438,0.58905
42,409.12,71.875,22.483,67.448,0.53569
42,523,179,32,96,0.50505
42,187.01,111.02,23.382,70.146,0.44986
42,429.68,187.4,34.611,103.83,0.40334
42,146.1,111.02,23.382,70.146,0.38996
42,441.8,81.453,18.479,55.438,0.38905
42,403,179,32,96,0.35613
42,308.19,308.19,42.11,126.33,0.25325
42,490.58,87.108,27.354,82.061,0.12289
42,341.6,323.36,24.317,72.952,0.10498
42,71.875,240.5,22.483,67.448,0.098783
42,11,243,32,96,0.072344
42,270.56,104.16,33.28,99.84,0.052654
43,514.53,135.18,25.29,75.87,1.5452
43,171.38,122.74,24.317,72.952,0.99575
43,414.99,75.95,23.382,70.146,0.91574
43,444.3,89.268,29.586,88.757,0.69105
43,529.06,205.1,35.996,107.99,0.60266
43,427,179,32,96,0.55848
43,473.45,111.02,23.382,70.146,0.48026
43,236.34,135.18,25.29,75.87,0.42265
43,308.19,308.19,42.11,126.33,0.33831
43,218.01,111.22,22.483,67.448,0.28594
43,251.23,134.98,27.354,82.061,0.07024
43,261.63,223.69,25.29,75.87,0.069828
43,128.85,128.85,25.29,75.87,0.068222
43,163,371,32,96,0.058104
43,341.6,323.36,24.317,72.952,0.018387
44,509.42,155.58,30.769,92.308,1.6177
44,427,171,32,96,1.3782
44,165.24,105.79,21.618,64.854,1.1939
44,545.12,237.28,33.28,99.84,0.63837
44,500.28,90.547,19.987,59.961,0.5292
44,244.59,148.44,29.586,88.757,0.50725
44,401.73,163.27,30.769,92.308,0.44859
44,453.94,100.57,20.787,62.36,0.40719
44,215.47,95.544,19.987,59.961,0.36051
44,194.04,155.58,30.769,92.308,0.30695
44,422.23,85.911,19.218,57.655,0.28666
44,308.19,308.19,42.11,126.33,0.24107
44,189.68,87.108,27.354,82.061,0.17061
44,473.3,100.38,21.618,64.854,0.1264
45,195.7,80.188,24.317,72.952,1.6494
45,503.52,170.72,33.28,99.84,1.5564
45,422.11,163.23,29.586,88.757,1.2077
45,164.61,81.453,18.479,55.438,1.114
45,551.42,270.65,37.435,112.31,1.0208
45,444.95,80.188,24.317,72.952,1.0048
45,516.3,100.57,20.787,62.36,0.8249
45,76.029,181.24,26.302,78.905,0.77336
45,179.43,135.18,25.29,75.87,0.61927
45,399.92,163.23,29.586,88.757,0.5025
45,463.95,84.596,25.29,75.87,0.4545
45,150.51,95.544,19.987,59.961,0.32221
45,201.15,161.81,22.483,67.448,0.22128
45,308.19,308.19,42.11,126.33,0.21611
45,490.29,95.544,19.987,59.961,0.21332
45,420.63,80.188,24.317,72.952,0.18453
45,10.274,398.22,26.302,78.905,0.13492
45,55.4,364.24,37.435,112.31,0.085101
45,580.23,100.54,19.987,59.961,0.026068
45,141.78,398.22,26.302,78.905,0.0012488
46,157.12,77.166,17.768,53.305,2.1068
46,511.06,196.1,35.996,107.99,1.5514
46,422.11,163.23,29.586,88.757,1.4752
46,489.51,100.38,21.618,64.854,0.99637
46,181.17,116.87,23.382,70.146,0.84422
46,516.53,100.38,21.618,64.854,0.83074
46,127.65,86.072,18.479,55.438,0.81865
46,183.78,77.166,17.768,53.305,0.77112
46,48.957,334.5,34.611,103.83,0.68729
46,305.31,305.31,40.49,121.47,0.64989
46,171,179,32,96,0.63163
46,472.51,81.608,17.768,53.305,0.50482
46,339,291,32,96,0.38601
46,486.88,378.72,33.28,99.84,0.34803
46,583.85,105.76,20.787,62.36,0.27785
46,386.82,105.79,21.618,64.854,0.23509
46,35.583,330.39,19.987,59.961,0.20682
46,548.25,305.31,40.49,121.47,0.16117
46,513.52,403.01,19.218,57.655,0.14088
46,424.53,76.029,26.302,78.905,0.063377
47,487.16,318.72,42.11,126.33,1.7223
47,445.05,329.25,42.11,126.33,1.5811
47,154.43,67.957,21.618,64.854,1.4948
47,531,227,32,96,1.1729
47,481.28,96.664,29.586,88.757,1.028
47,184.29,105.6,22.483,67.448,0.97702
47,69.906,343.62,43.794,131.38,0.96403
47,124.11,196.1,35.996,107.99,0.82483
47,431.84,95.52,19.218,57.655,0.79579
47,422.11,163.23,29.586,88.757,0.73826
47,399.92,155.84,29.586,88.757,0.63436
47,308.19,308.19,42.11,126.33,0.61685
47,551.64,343.62,43.794,131.38,0.6167
47,472.51,77.166,17.768,53.305,0.55273
47,5.6928,265.28,34.611,103.83,0.53071
47,340.08,277.09,35.996,107.99,0.43573
47,113.13,98.904,28.448,85.344,0.28853
47,395.6,118.41,18.479,55.438,0.19994
47,196.95,81.453,18.479,55.438,0.18175
47,518.51,98.904,28.448,85.344,0.10644
47,467,299,32,96,0.10639
47,370.37,255.44,19.987,59.961,0.094872
47,150.51,255.44,19.987,59.961,0.013689
47,583.85,105.76,20.787,62.36,0.0013213
48,495.27,280.01,37.435,112.31,1.482
48,422.11,163.23,29.586,88.757,1.0671
48,126.55,58.993,20.787,62.36,1.0095
48,308.19,308.19,42.11,126.33,0.93788
48,467,291,32,96,0.93371
48,43,235,32,96,0.91362
48,185.76,84.596,25.29,75.87,0.86698
48,542.17,265.28,34.611,103.83,0.8338
48,489.51,100.38,21.618,64.854,0.80893
48,435.32,100.54,19.987,59.961,0.7167
48,158.35,364.24,37.435,112.31,0.62374
48,147.34,58.993,20.787,62.36,0.57462
48,399.92,163.23,29.586,88.757,0.52914
48,340.08,277.09,35.996,107.99,0.40749
48,510.29,116.84,22.483,67.448,0.35627
48,532.77,111.22,22.483,67.448,0.23444
48,94.038,217.12,30.769,92.308,0.19585
48,136.94,266.86,20.787,62.36,0.15567
48,149.02,105.79,21.618,64.854,0.13934
48,67.957,284.14,21.618,64.854,0.080064
48,243.75,360.55,38.933,116.8,0.076945
48,261.63,223.69,25.29,75.87,0.073472
48,365.92,262.57,24.317,72.952,0.056884
48,88.015,360.55,38.933,116.8,0.014934
49,548.25,305.31,40.49,121.47,1.9347
49,478.56,245.6,33.28,99.84,1.4889
49,520.16,245.6,33.28,99.84,1.3801
49,422.11,163.23,29.586,88.757,0.76588
49,113.7,343.62,43.794,131.38,0.70785
49,424.65,57.148,21.618,64.854,0.62278
49,136.89,53.734,18.479,55.438,0.62052
49,305.31,305.31,40.49,121.47,0.36984
49,483,99,32,96,0.34499
49,184.29,116.84,22.483,67.448,0.32406
49,392.52,163.23,29.586,88.757,0.2766
49,514.36,111.02,23.382,70.146,0.27201
49,74.475,207.61,29.586,88.757,0.2059
49,397.88,105.6,22.483,67.448,0.19184
49,188.22,77.166,17.768,53.305,0.18972
49,442.71,141.82,27.354,82.061,0.17185
49,45.92,245.6,33.28,99.84,0.07993
49,109.93,129.15,19.218,57.655,0.011613
49,162.78,57.083,19.218,57.655,0.0068436
50,532.7,214.5,37.435,112.31,1.8902
50,501.73,217.12,30.769,92.308,1.5808
50,563.52,335.79,45.546,136.64,1.1917
50,198.4,128.85,25.29,75.87,1.1584
50,102.75,343.62,43.794,131.38,1.154
50,99,179,32,96,0.93596
50,514.36,116.87,23.382,70.146,0.80401
50,392.52,155.84,29.586,88.757,0.7782
50,539.82,122.53,25.29,75.87,0.77453
50,468.73,98.904,28.448,85.344,0.65846
50,134.91,50.513,17.768,53.305,0.62642
50,4.32,370.4,33.28,99.84,0.55989
50,422.11,163.23,29.586,88.757,0.53848
50,176.05,67.957,21.618,64.854,0.51722
50,386.38,53.796,20.787,62.36,0.27322
50,305.31,305.31,40.49,121.47,0.21858
50,150.51,50.573,19.987,59.961,0.15183
50,440.28,98.904,28.448,85.344,0.014013
50,598.87,423.32,18.479,55.438,0.0047138
51,422.11,155.84,29.586,88.757,1.5393
51,392.52,155.84,29.586,88.757,1.4925
51,533.51,178.75,34.611,103.83,1.3563
51,507.56,187.4,34.611,103.83,1.2863
51,198.47,148.69,28.448,85.344,1.2387
51,126.25,155.84,29.586,88.757,0.75801
51,148.24,46.071,17.768,53.305,0.65701
51,115.53,50.573,19.987,59.961,0.4895
51,130.27,364.24,37.435,112.31,0.46638
51,172.39,57.083,19.218,57.655,0.38516
51,164.61,81.453,18.479,55.438,0.35337
51,305.31,305.31,40.49,121.47,0.34162
51,514.36,122.71,23.382,70.146,0.27474
51,148.65,93.947,27.354,82.061,0.26746
52,501.73,163.27,30.769,92.308,1.1172
52,414.71,148.44,29.586,88.757,1.0637
52,524.81,163.27,30.769,92.308,1.0622
52,171,179,32,96,0.70173
52,388,148.65,27.354,82.061,0.6819
52,552.12,141.82,27.354,82.061,0.56673
52,170.5,50.573,19.987,59.961,0.52864
52,134.91,157.12,17.768,53.305,0.49715
52,157.73,386.38,20.787,62.36,0.44395
52,305.31,305.31,40.49,121.47,0.38849
52,603.85,141.58,28.448,85.344,0.28391
52,155.37,159.99,18.479,55.438,0.2147
53,540.69,321.72,43.794,131.38,1.1895
53,404.72,141.58,28.448,85.344,1.1866
53,122.53,122.53,25.29,75.87,1.1623
53,554.07,155.8,28.448,85.344,1.0614
53,154.14,223.69,25.29,75.87,0.9254
53,156.19,71.875,22.483,67.448,0.91285
53,489.51,154.43,21.618,64.854,0.89052
53,165.3,122.74,24.317,72.952,0.80115
53,315.43,305.31,40.49,121.47,0.35047
53,467,107,32,96,0.33294
53,347.18,335.79,45.546,136.64,0.3168
53,378.5,141.78,26.302,78.905,0.31222
53,521.38,188.22,17.768,53.305,0.20657
53,420.84,111.02,23.382,70.146,0.20112
53,467.6,397.45,23.382,70.146,0.19477
53,531.61,141.82,27.354,82.061,0.048504
53,572.64,299.1,27.354,82.061,0.0019543
54,513.98,270.65,37.435,112.31,2.1034
54,413.47,318.72,42.11,126.33,1.8647
54,464.05,343.62,43.794,131.38,1.3529
54,489.24,135.18,25.29,75.87,1.2481
54,555,163,32,96,0.6683
54,126.25,104.06,29.586,88.757,0.55841
54,109.53,265.28,34.611,103.83,0.55017
54,130.52,60.567,19.987,59.961,0.45989
54,178.67,116.84,22.483,67.448,0.38269
54,398.22,135.21,26.302,78.905,0.34056
54,186.81,85.911,19.218,57.655,0.29889
54,378.5,135.21,26.302,78.905,0.23582
54,514.53,128.85,25.29,75.87,0.2243
54,422.11,104.06,29.586,88.757,0.20209
54,143.35,62.368,40.49,121.47,0.18157
54,305.31,305.31,40.49,121.47,0.14768
54,275.48,127.65,18.479,55.438,0.13711
54,141.78,398.22,26.302,78.905,0.076041
55,562.59,343.62,43.794,131.38,2.5689
55,420.4,270.65,37.435,112.31,1.8022
55,139.32,105.6,22.483,67.448,1.4359
55,476.55,280.01,37.435,112.31,1.375
55,493.58,226.09,24.317,72.952,0.94412
55,217.04,93.947,27.354,82.061,0.93502
55,523,163,32,96,0.7411
55,490.98,122.71,23.382,70.146,0.72522
55,3,227,32,96,0.71517
55,170.64,105.79,21.618,64.854,0.64575
55,391.65,128.63,26.302,78.905,0.52719
55,571.15,86.072,18.479,55.438,0.44862
55,308.19,308.19,42.11,126.33,0.42924
55,255.3,122.53,25.29,75.87,0.20861
55,21.878,315.43,40.49,121.47,0.20543
55,511.82,116.66,24.317,72.952,0.19629
55,555.58,170.96,30.769,92.308,0.13835
56,555.21,282.68,38.933,116.8,2.1296
56,136.94,95.369,20.787,62.36,1.7215
56,168.12,95.369,20.787,62.36,1.3964
56,524.81,170.96,30.769,92.308,1.0539
56,435,235,32,96,0.98559
56,192.33,81.453,18.479,55.438,0.87536
56,478.7,105.79,21.618,64.854,0.87452
56,372,122.74,24.317,72.952,0.85743
56,120.91,364.24,37.435,112.31,0.83894
56,558.78,173.11,25.29,75.87,0.76868
56,510.29,105.6,22.483,67.448,0.73243
56,457.4,187.81,26.302,78.905,0.64946
56,308.19,308.19,42.11,126.33,0.37736
56,470.24,237.28,33.28,99.84,0.29645
56,420.33,135.52,19.987,59.961,0.25532
56,233.84,135.21,26.302,78.905,0.21523
56,49.392,201.15,22.483,67.448,0.15012
56,261.63,135.18,25.29,75.87,0.13549
56,589.63,275.48,18.479,55.438,0.072144
56,213.93,122.74,24.317,72.952,0.053128
56,409.42,47.885,30.769,92.308,0.039907
57,555,243,32,96,1.7612
57,210.83,95.52,19.218,57.655,1.3451
57,429.68,187.4,34.611,103.83,1.2407
57,479.92,95.369,20.787,62.36,1.232
57,133.96,85.911,19.218,57.655,1.0707
57,524.81,170.96,30.769,92.308,1.0608
57,501.88,84.596,25.29,75.87,0.99062
57,115,355,32,96,0.81799
57,169.17,141.82,27.354,82.061,0.81087
57,244.59,148.44,29.586,88.757,0.55636
57,217.04,148.65,27.354,82.061,0.31042
57,305.31,305.31,40.49,121.47,0.29843
57,473.88,207.61,29.586,88.757,0.29678
57,563,179,32,96,0.23304
57,75,163,32,96,0.22195
57,140.25,403.3,23.382,70.146,0.1722
57,229.29,238.53,18.479,55.438,0.14043
57,453.94,188.91,20.787,62.36,0.12373
57,261.63,223.69,25.29,75.87,0.014471
57,95.52,85.911,19.218,57.655,0.011982
58,102.19,364.24,37.435,112.31,1.9209
58,213.88,105.79,21.618,64.854,1.4866
58,470.28,85.911,19.218,57.655,1.3418
58,518.26,215.01,29.586,88.757,1.0639
58,118.18,178.75,34.611,103.83,0.90052
58,195,163,32,96,0.86196
58,123.03,81.453,18.479,55.438,0.82252
58,575.41,198.47,28.448,85.344,0.68473
58,223.69,185.76,25.29,75.87,0.68062
58,494.3,85.911,19.218,57.655,0.58445
58,470.96,170.96,30.769,92.308,0.52219
58,152.68,81.608,17.768,53.305,0.4147
58,536.8,170.72,33.28,99.84,0.32751
58,427,99,32,96,0.25429
58,105.79,149.02,21.618,64.854,0.20316
58,496.86,128.63,26.302,78.905,0.1415
58,331.08,277.09,35.996,107.99,0.13185
59,494.04,170.96,30.769,92.308,1.692
59,227.93,122.71,23.382,70.146,1.037
59,152.79,187.4,34.611,103.83,0.98765
59,542.17,196.05,34.611,103.83,0.7767
59,130.27,364.24,37.435,112.31,0.77192
59,121.35,136.94,20.787,62.36,0.45039
59,386.82,100.38,21.618,64.854,0.40191
59,184.29,201.15,22.483,67.448,0.38763
59,45.92,237.28,33.28,99.84,0.38028
59,570.04,215.01,29.586,88.757,0.19259
59,299.56,324.85,25.29,75.87,0.15951
59,243.75,360.55,38.933,116.8,0.091565
59,420.63,122.74,24.317,72.952,0.026486
59,133.7,66.254,22.483,67.448,0.012441
60,401.68,364.24,37.435,112.31,1.3157
60,511.4,148.69,28.448,85.344,1.1575
60,570.96,232.5,30.769,92.308,1.1214
60,532.7,214.5,37.435,112.31,0.77093
60,251.23,134.98,27.354,82.061,0.72658
60,111.02,116.87,23.382,70.146,0.69892
60,147.82,223.69,25.29,75.87,0.6199
60,483.7,89.179,26.302,78.905,0.56617
60,159.99,381.74,18.479,55.438,0.5561
60,420.63,122.74,24.317,72.952,0.4366
60,317.45,270.65,37.435,112.31,0.22796
60,188.22,361.46,17.768,53.305,0.20866
60,527.17,128.85,25.29,75.87,0.1855
60,469.53,64.189,20.787,62.36,0.12009
60,148.37,403.01,19.218,57.655,0.094404
60,511.09,118.41,18.479,55.438,0.075223
61,517.88,234.45,40.49,121.47,1.817
61,576.78,256.62,34.611,103.83,1.6241
61,396.41,305.31,40.49,121.47,1.5905
61,517.9,128.82,24.317,72.952,1.3576
61,104.16,253.92,33.28,99.84,0.7478
61,148.37,52.279,19.218,57.655,0.53565
61,122,105.79,21.618,64.854,0.45062
61,185.35,360.55,38.933,116.8,0.44454
61,469.52,81.453,18.479,55.438,0.30969
61,261.63,223.69,25.29,75.87,0.16093
61,63.345,262.48,28.448,85.344,0.12275
61,299.56,324.85,25.29,75.87,0.063421
61,540.26,55.57,19.987,59.961,0.056876
61,317.45,270.65,37.435,112.31,0.041111
62,508.52,116.87,23.382,70.146,1.9718
62,496.9,256.03,43.794,131.38,1.4678
62,579.5,280.01,37.435,112.31,1.4032
62,126.55,95.369,20.787,62.36,1.1583
62,240.5,105.6,22.483,67.448,0.5864
62,21.289,296.7,22.483,67.448,0.40606
62,461.75,70.105,23.382,70.146,0.38133
62,63.269,294.04,30.769,92.308,0.35331
62,299,307,32,96,0.28655
62,143.57,57.083,19.218,57.655,0.21528
62,209.7,100.57,20.787,62.36,0.2057
62,326.81,280.01,37.435,112.31,0.16732
62,141.78,398.22,26.302,78.905,0.15882
62,479.89,57.083,19.218,57.655,0.13779
62,356.54,169.48,23.382,70.146,0.11286
62,417.56,147.34,20.787,62.36,0.087997
62,170.5,60.567,19.987,59.961,0.081065
62,427,107,32,96,0.075592
62,163,371,32,96,0.061259
62,257.11,105.79,21.618,64.854,0.036083
63,507.76,295.19,40.49,121.47,1.3936
63,571.38,308.19,42.11,126.33,1.3088
63,4.32,320.48,33.28,99.84,0.88317
63,504.25,93.947,27.354,82.061,0.80871
63,453.94,58.993,20.787,62.36,0.72484
63,420.32,187.36,33.28,99.84,0.62609
63,118.41,86.072,18.479,55.438,0.48807
63,154.43,100.38,21.618,64.854,0.48183
63,183.78,77.166,17.768,53.305,0.3848
63,216.24,75.95,23.382,70.146,0.10176
63,246.07,105.76,20.787,62.36,0.069434
63,317.45,270.65,37.435,112.31,0.069033
63,141.78,391.65,26.302,78.905,0.067047
63,243.75,360.55,38.933,116.8,0.059301
64,495.2,335.79,45.546,136.64,2.1579
64,510.28,90.547,19.987,59.961,1.7687
64,562.59,343.62,43.794,131.38,1.6963
64,461.61,212.7,28.448,85.344,1.5317
64,169.48,210.4,23.382,70.146,1.1022
64,196.95,81.453,18.479,55.438,0.90869
64,64.759,364.24,37.435,112.31,0.86112
64,255.3,78.273,25.29,75.87,0.52412
64,479.92,53.796,20.787,62.36,0.45602
64,165.3,74.109,24.317,72.952,0.41381
64,430.06,111.19,21.618,64.854,0.23067
64,531.89,355.2,20.787,62.36,0.21404
64,243.75,360.55,38.933,116.8,0.12132
64,209.7,95.369,20.787,62.36,0.11526
64,185.35,360.55,38.933,116.8,0.051767
64,110.53,100.54,19.987,59.961,0.051247
64,317.45,270.65,37.435,112.31,0.044998
64,571.17,90.715,19.218,57.655,0.031093
65,499,243,32,96,1.5712
65,153.14,171.38,24.317,72.952,0.85139
65,215.47,95.544,19.987,59.961,0.63452
65,527.17,388.08,25.29,75.87,0.62687
65,595.2,393.4,19.218,57.655,0.6128
65,480.3,50.573,19.987,59.961,0.5719
65,430.06,111.19,21.618,64.854,0.35323
65,299,307,32,96,0.22866
65,184.25,369.16,28.448,85.344,0.1889
65,460.67,57.083,19.218,57.655,0.18386
65,185.76,84.596,25.29,75.87,0.11982
65,164.61,90.692,18.479,55.438,0.10883
65,243.75,360.55,38.933,116.8,0.030295
66,529.06,277.09,35.996,107.99,2.0539
66,178.52,100.57,20.787,62.36,1.2389
66,132.81,100.38,21.618,64.854,0.77508
66,210.47,90.547,19.987,59.961,0.63773
66,468.07,50.513,17.768,53.305,0.57797
66,175.61,360.55,38.933,116.8,0.43743
66,430.06,111.19,21.618,64.854,0.40331
66,556.03,398.22,26.302,78.905,0.22571
66,155.51,95.544,19.987,59.961,0.098002
66,317.12,278.65,30.769,92.308,0.097182
66,243.75,360.55,38.933,116.8,0.035519
66,345.52,364.24,37.435,112.31,0.012642
67,140.98,122.74,24.317,72.952,0.88975
67,560.85,318.72,42.11,126.33,0.70099
67,178.67,105.6,22.483,67.448,0.58468
67,205.99,86.05,17.768,53.305,0.32961
67,401.44,152.68,17.768,53.305,0.32928
67,430.06,111.19,21.618,64.854,0.30313
67,205.99,121.59,17.768,53.305,0.26704
67,317.12,278.65,30.769,92.308,0.11352
67,244.59,104.06,29.586,88.757,0.087169
67,170.45,148.24,17.768,53.305,0.042234
67,243.75,360.55,38.933,116.8,0.015528
67,450.83,135.21,26.302,78.905,0.013137
68,133.7,111.22,22.483,67.448,1.2701
68,169.48,122.71,23.382,70.146,0.999
68,195.7,122.74,24.317,72.952,0.58762
68,414.77,41.629,17.768,53.305,0.3647
68,404.84,155.37,18.479,55.438,0.23836
68,243.75,360.55,38.933,116.8,0.21185
68,301.63,256.09,45.546,136.64,0.070613
68,141.78,398.22,26.302,78.905,0.065435
69,160.47,135.18,25.29,75.87,0.41041
69,181.24,141.78,26.302,78.905,0.3252
69,167.71,364.24,37.435,112.31,0.31743
69,230.01,128.85,25.29,75.87,0.29513
69,3,243,32,96,0.25975
69,178.47,81.453,18.479,55.438,0.18845
69,301.63,256.09,45.546,136.64,0.1688
69,404.84,155.37,18.479,55.438,0.11565
70,56.233,212.7,28.448,85.344,1.0313
70,132.5,155.58,30.769,92.308,0.86836
70,217.04,134.98,27.354,82.061,0.64632
70,171.38,171.38,24.317,72.952,0.57848
70,175.61,360.55,38.933,116.8,0.4646
70,192.33,81.453,18.479,55.438,0.34573
70,301.63,256.09,45.546,136.64,0.16206
70,401.44,152.68,17.768,53.305,0.12731
70,243.75,360.55,38.933,116.8,0.0010734
71,529.27,329.25,42.11,126.33,1.9026
71,205.58,148.69,28.448,85.344,0.74016
71,192.66,77.166,17.768,53.305,0.55757
71,148.65,203.36,27.354,82.061,0.54583
71,205.58,84.681,28.448,85.344,0.48094
71,175.61,360.55,38.933,116.8,0.46971
71,401.44,152.68,17.768,53.305,0.15655
71,176.05,67.957,21.618,64.854,0.058215
71,130.52,180.49,19.987,59.961,0.041199
71,412.62,124.35,19.218,57.655,0.030082
71,470.24,112.48,33.28,99.84,0.025746
72,542.06,270.65,37.435,112.31,2.2723
72,107,235,32,96,1.0354
72,107.62,148.65,27.354,82.061,0.62517
72,62.368,214.21,40.49,121.47,0.35522
72,319.32,286.44,26.302,78.905,0.27469
72,140.19,163.27,30.769,92.308,0.16346
72,170.64,62.552,21.618,64.854,0.12495
72,187.1,196.1,35.996,107.99,0.094815
72,185.35,360.55,38.933,116.8,0.05762
72,404.84,155.37,18.479,55.438,0.041656
73,547,227,32,96,1.9037
73,61.114,277.09,35.996,107.99,1.1563
73,135.18,122.53,25.29,75.87,0.76846
73,158.35,364.24,37.435,112.31,0.52045
73,130.83,164.99,45.546,136.64,0.51765
73,8.6053,270.65,37.435,112.31,0.2706
73,165.24,62.552,21.618,64.854,0.25962
73,281.5,334.81,17.768,53.305,0.15093
73,405.88,157.12,17.768,53.305,0.081517
74,134.41,111.02,23.382,70.146,1.6809
74,545.12,187.36,33.28,99.84,1.3329
74,120.91,354.88,37.435,112.31,1.0202
74,180.49,60.567,19.987,59.961,0.7381
74,107,227,32,96,0.58188
74,162.93,58.993,20.787,62.36,0.53071
74,1.7308,347.88,30.769,92.308,0.41799
74,404.84,155.37,18.479,55.438,0.37908
74,261.63,223.69,25.29,75.87,0.025811
75,540.45,163.23,29.586,88.757,1.652
75,385.07,205.1,35.996,107.99,1.2878
75,57.61,256.62,34.611,103.83,0.85462
75,102.19,345.52,37.435,112.31,0.75752
75,319.32,286.44,26.302,78.905,0.62192
75,156.19,60.634,22.483,67.448,0.5933
75,175.49,60.567,19.987,59.961,0.55459
75,430.33,140.51,19.987,59.961,0.29338
75,431.21,343.62,43.794,131.38,0.14677
75,493.43,375.39,22.483,67.448,0.049083
75,243.75,360.55,38.933,116.8,0.038417
76,371.36,245.03,42.11,126.33,1.5178
76,476.63,308.19,42.11,126.33,1.4325
76,536.31,135.21,26.302,78.905,1.3855
76,124.65,321.72,43.794,131.38,1.279
76,172.39,57.083,19.218,57.655,0.63316
76,12.64,303.84,33.28,99.84,0.32786
76,62.878,286.44,26.302,78.905,0.29739
76,427.95,142.14,20.787,62.36,0.17234
76,118.41,53.734,18.479,55.438,0.1169
76,401.44,152.68,17.768,53.305,0.081916
77,464.05,234.13,43.794,131.38,1.1516
77,126.83,317.19,34.611,103.83,0.74225
77,164.61,53.734,18.479,55.438,0.5962
77,360.55,302.15,38.933,116.8,0.44649
77,523,107,32,96,0.39768
77,152.68,86.05,17.768,53.305,0.38345
77,136.94,64.189,20.787,62.36,0.35598
77,427.95,142.14,20.787,62.36,0.24853
77,407.04,135.18,25.29,75.87,0.17279
77,470.24,112.48,33.28,99.84,0.085254
78,108.17,318.72,42.11,126.33,1.372
78,467.19,195.78,37.435,112.31,1.0613
78,132.81,67.957,21.618,64.854,1.0183
78,321.72,343.62,43.794,131.38,0.52395
78,470.24,112.48,33.28,99.84,0.38069
78,167.59,95.52,19.218,57.655,0.30208
78,508.05,112.7,17.768,53.305,0.2131
78,143.57,52.279,19.218,57.655,0.12451
78,317.12,278.65,30.769,92.308,0.10301
79,108.06,335.79,45.546,136.64,2.3883
79,490.31,95.369,20.787,62.36,1.6596
79,438.41,146.41,38.933,116.8,1.174
79,176.05,100.38,21.618,64.854,0.31677
79,467,115,32,96,0.20765
79,141.78,391.65,26.302,78.905,0.13239
79,153.18,85.911,19.218,57.655,0.093286
79,427.95,136.94,20.787,62.36,0.080985
79,243.75,360.55,38.933,116.8,0.024456
80,478.76,86.072,18.479,55.438,1.4309
80,117.15,46.071,17.768,53.305,1.0978
80,157.12,50.513,17.768,53.305,0.89164
80,412,120.8,33.28,99.84,0.73312
80,141.51,49.114,18.479,55.438,0.6978
80,37.493,207.61,29.586,88.757,0.69061
80,146.1,111.02,23.382,70.146,0.6415
80,187.81,89.179,26.302,78.905,0.59464
80,162.93,95.369,20.787,62.36,0.4966
80,164.99,335.79,45.546,136.64,0.029178
81,155.84,104.06,29.586,88.757,1.3284
81,385.13,104.06,29.586,88.757,1.0423
81,102.19,364.24,37.435,112.31,1.0294
81,27.323,364.24,37.435,112.31,0.57757
81,459.19,77.166,17.768,53.305,0.52669
81,148.24,46.071,17.768,53.305,0.42892
81,76.029,187.81,26.302,78.905,0.31077
81,205.58,98.904,28.448,85.344,0.30913
81,430.33,140.51,19.987,59.961,0.21688
81,123.03,53.734,18.479,55.438,0.19915
81,268.49,90.715,19.218,57.655,0.060584
82,16.969,335.79,45.546,136.64,1.3434
82,435.32,60.567,19.987,59.961,1.2784
82,96.664,148.44,29.586,88.757,0.82283
82,523.16,128.63,26.302,78.905,0.66162
82,413.85,143.62,21.618,64.854,0.63353
82,398.22,82.604,26.302,78.905,0.57294
82,230.01,122.53,25.29,75.87,0.44945
82,196.95,155.37,18.479,55.438,0.3443
82,133.96,57.083,19.218,57.655,0.33063
82,169.48,116.87,23.382,70.146,0.31358
82,222.4,385.13,29.586,88.757,0.30185
82,430.33,140.51,19.987,59.961,0.052776
83,517.93,141.82,27.354,82.061,1.4855
83,115.48,128.63,26.302,78.905,1.039
83,147.34,64.189,20.787,62.36,0.672
83,150.51,135.52,19.987,59.961,0.59857
83,415.34,55.57,19.987,59.961,0.51462
83,275.43,420.33,19.987,59.961,0.44158
83,210.83,172.39,19.218,57.655,0.35651
83,134.91,46.071,17.768,53.305,0.34719
83,403,115,32,96,0.34508
83,177.06,130.27,37.435,112.31,0.26292
83,301.63,256.09,45.546,136.64,0.13536
83,430.33,140.51,19.987,59.961,0.12192
83,121.35,64.189,20.787,62.36,0.062155
83,141.78,398.22,26.302,78.905,0.045694
84,518.26,163.23,29.586,88.757,1.7704
84,403.01,47.474,19.218,57.655,1.37
84,425.98,60.634,22.483,67.448,1.0767
84,156.19,71.875,22.483,67.448,0.78462
84,132.5,155.58,30.769,92.308,0.66616
84,44.889,215.01,29.586,88.757,0.6494
84,127.65,118.41,18.479,55.438,0.52972
84,414.08,127.65,18.479,55.438,0.46972
84,104.06,163.23,29.586,88.757,0.4466
84,16.969,256.09,45.546,136.64,0.4124
84,210.81,192.33,18.479,55.438,0.34843
84,317.12,278.65,30.769,92.308,0.15902
84,185.42,163.23,29.586,88.757,0.13098
85,523,179,32,96,1.9216
85,127.41,105.79,21.618,64.854,1.1594
85,34.481,245.03,42.11,126.33,1.087
85,167.59,85.911,19.218,57.655,0.88583
85,403.01,52.279,19.218,57.655,0.86113
85,140.25,75.95,23.382,70.146,0.84548
85,171,179,32,96,0.72973
85,243.75,360.55,38.933,116.8,0.18828
85,301.63,256.09,45.546,136.64,0.14407
85,412.36,147.34,20.787,62.36,0.05814
86,136.89,81.453,18.479,55.438,1.5283
86,121.35,95.369,20.787,62.36,1.2023
86,157.73,95.369,20.787,62.36,1.054
86,52.246,234.45,40.49,121.47,0.99795
86,540.45,207.61,29.586,88.757,0.84745
86,181.24,89.179,26.302,78.905,0.69304
86,301.63,256.09,45.546,136.64,0.25239
86,450.3,112.7,17.768,53.305,0.15434
86,473.45,111.02,23.382,70.146,0.040787
87,558.37,234.45,40.49,121.47,1.3094
87,170.64,111.19,21.618,64.854,0.66062
87,102.86,214.21,40.49,121.47,0.61583
87,199.3,100.57,20.787,62.36,0.50187
87,301.63,256.09,45.546,136.64,0.3397
87,122.53,135.18,25.29,75.87,0.29249
87,123.03,86.072,18.479,55.438,0.1921
87,141.78,398.22,26.302,78.905,0.051471
87,186.86,235.5,21.618,64.854,0.048028
88,134.41,116.87,23.382,70.146,1.0058
88,192.86,116.87,23.382,70.146,0.86842
88,555.21,282.68,38.933,116.8,0.84567
88,169.48,122.71,23.382,70.146,0.48323
88,126.55,53.796,20.787,62.36,0.30305
88,432.33,122.53,25.29,75.87,0.020179
89,562.59,321.72,43.794,131.38,1.6678
89,176.01,134.98,27.354,82.061,0.85973
89,468.07,117.15,17.768,53.305,0.50636
89,148.65,134.98,27.354,82.061,0.4142
89,133.7,105.6,22.483,67.448,0.33255
89,187.1,196.1,35.996,107.99,0.18582
90,164.61,53.734,18.479,55.438,1.1974
90,136.94,95.369,20.787,62.36,0.99286
90,148.69,155.8,28.448,85.344,0.66667
90,490.28,152.68,17.768,53.305,0.64396
90,148.24,77.166,17.768,53.305,0.4548
90,403.04,327.37,21.618,64.854,0.16592
90,141.78,398.22,26.302,78.905,0.064674
90,463.19,116.66,24.317,72.952,0.047576
90,301.63,256.09,45.546,136.64,0.037815
91,70.88,187.36,33.28,99.84,0.8731
91,476.63,329.25,42.11,126.33,0.7872
91,12.64,320.48,33.28,99.84,0.61291
91,102.33,194.39,26.302,78.905,0.28516
91,127.65,90.692,18.479,55.438,0.19733
91,494.91,154.43,21.618,64.854,0.18436
91,164.61,81.453,18.479,55.438,0.13556
92,153.18,85.911,19.218,57.655,1.3862
92,204.5,64.189,20.787,62.36,1.1004
92,130.27,364.24,37.435,112.31,0.71356
92,588.91,398.22,26.302,78.905,0.67398
92,490.28,192.66,17.768,53.305,0.62932
92,171.38,74.109,24.317,72.952,0.31047
92,243.75,360.55,38.933,116.8,0.077615
92,301.63,256.09,45.546,136.64,0.060942
92,26.111,256.03,43.794,131.38,0.060247
92,70.962,278.65,30.769,92.308,0.045808
93,120.91,354.88,37.435,112.31,1.457
93,213.93,74.109,24.317,72.952,0.80173
93,68.549,224.28,38.933,116.8,0.75113
93,180.49,90.547,19.987,59.961,0.72325
93,116.87,257.16,23.382,70.146,0.57694
93,162.93,95.369,20.787,62.36,0.39695
93,174.89,41.629,17.768,53.305,0.24701
93,301.63,244.7,45.546,136.64,0.10878
93,2.4029,286.92,25.29,75.87,0.10238
94,165.24,100.38,21.618,64.854,0.98377
94,126.95,360.55,38.933,116.8,0.90895
94,223.69,84.596,25.29,75.87,0.74134
94,499.11,210.83,19.218,57.655,0.68429
94,98.426,220.01,24.317,72.952,0.66055
94,183.71,105.76,20.787,62.36,0.64027
94,123.03,44.494,18.479,55.438,0.62096
94,183.78,50.513,17.768,53.305,0.42253
94,524.95,159.99,18.479,55.438,0.09832
94,136.94,225.29,20.787,62.36,0.02718
94,320.4,300.41,19.987,59.961,0.011715
94,478.7,192.26,21.618,64.854,0.0020733
95,237.2,89.268,29.586,88.757,0.97903
95,169.48,116.87,23.382,70.146,0.84384
95,192.86,111.02,23.382,70.146,0.66961
95,143.57,52.279,19.218,57.655,0.62669
95,139,171,32,96,0.51303
95,109.42,170.96,30.769,92.308,0.49604
95,139.63,364.24,37.435,112.31,0.37106
95,501.88,179.43,25.29,75.87,0.1612
96,155.8,148.69,28.448,85.344,1.1437
96,257.16,116.87,23.382,70.146,1.1272
96,120.24,148.69,28.448,85.344,1.0192
96,154.43,57.148,21.618,64.854,0.95117
96,183.71,64.189,20.787,62.36,0.54181
96,139.36,41.629,17.768,53.305,0.49381
96,185.76,128.85,25.29,75.87,0.27222
96,204,112.48,33.28,99.84,0.17737
96,232.09,133.11,35.996,107.99,0.16053
96,190.48,415.34,19.987,59.961,0.15643
96,141.78,398.22,26.302,78.905,0.11358
96,301.63,256.09,45.546,136.64,0.027375
97,128.85,128.85,25.29,75.87,1.5436
97,161.51,128.63,26.302,78.905,0.63449
97,192.86,70.105,23.382,70.146,0.56974
97,141.51,49.114,18.479,55.438,0.4605
97,168.12,58.993,20.787,62.36,0.33437
97,241.14,141.58,28.448,85.344,0.3047
97,217.04,148.65,27.354,82.061,0.16926
97,109.42,163.27,30.769,92.308,0.098279
97,493.43,195.53,22.483,67.448,0.036451
97,435.87,25.562,27.354,82.061,0.0094814
98,161.81,111.22,22.483,67.448,1.3832
98,212.7,148.69,28.448,85.344,1.3099
98,195.7,80.188,24.317,72.952,0.81961
98,148.24,50.513,17.768,53.305,0.7245
98,423.32,53.734,18.479,55.438,0.69068
98,463.19,171.38,24.317,72.952,0.48147
98,133.7,111.22,22.483,67.448,0.38251
98,493.43,201.15,22.483,67.448,0.22124
98,122,67.957,21.618,64.854,0.127
98,529.73,194.39,26.302,78.905,0.068327
98,141.78,398.22,26.302,78.905,0.061627
98,301.63,256.09,45.546,136.64,0.055263
99,170.72,170.72,33.28,99.84,1.8951
99,162.93,100.57,20.787,62.36,1.3551
99,194.39,89.179,26.302,78.905,1.1879
99,139.36,112.7,17.768,53.305,1.0035
99,388,189.68,27.354,82.061,0.65475
99,496.86,181.24,26.302,78.905,0.37357
99,84.681,198.47,28.448,85.344,0.17457
99,445.28,187.36,33.28,99.84,0.10131
99,301.63,256.09,45.546,136.64,0.032904
100,139.63,205.14,37.435,112.31,1.5872
100,186.35,101.73,30.769,92.308,1.3117
100,491,179,32,96,0.41565
100,403.07,205.1,35.996,107.99,0.33411
100,39.239,244.39,27.354,82.061,0.29444
100,124.35,85.911,19.218,57.655,0.13641
100,167.59,90.715,19.218,57.655,0.1205
100,385.13,222.4,29.586,88.757,0.09143
100,301.63,256.09,45.546,136.64,0.0912
100,178.52,64.189,20.787,62.36,0.039876
100,439.07,196.1,35.996,107.99,0.0045159
101,107.48,360.55,38.933,116.8,1.6478
101,102.75,245.08,43.794,131.38,1.601
101,185.76,122.53,25.29,75.87,1.2502
101,188.22,77.166,17.768,53.305,1.0628
101,209.7,100.57,20.787,62.36,1.0094
101,175.49,95.544,19.987,59.961,0.88924
101,403.07,268.09,35.996,107.99,0.84735
101,126.55,95.369,20.787,62.36,0.66993
101,491,171,32,96,0.42633
101,159.99,81.453,18.479,55.438,0.24059
101,141.82,80.27,27.354,82.061,0.22667
101,49.727,286.44,26.302,78.905,0.1914
101,451.68,62.552,21.618,64.854,0.15375
101,438.33,256.62,34.611,103.83,0.10992
101,299.83,256.03,43.794,131.38,0.07743
102,201.55,86.05,17.768,53.305,1.3924
102,92.835,354.88,37.435,112.31,1.3685
102,29.616,302.15,38.933,116.8,1.1294
102,467.27,315.43,40.49,121.47,1.1073
102,432.54,77.166,17.768,53.305,0.96171
102,469.53,64.189,20.787,62.36,0.91446
102,170.02,141.58,28.448,85.344,0.77038
102,155.8,98.904,28.448,85.344,0.63106
102,11,235,32,96,0.57333
102,493.43,201.15,22.483,67.448,0.45154
102,132.81,105.79,21.618,64.854,0.16912
102,146.1,70.105,23.382,70.146,0.074633
102,301.63,256.09,45.546,136.64,0.034777
102,500.32,321.97,21.618,64.854,0.024411
103,102.75,332.67,43.794,131.38,2.2129
103,455.66,81.453,18.479,55.438,1.5115
103,134.41,111.02,23.382,70.146,1.0659
103,155.58,170.96,30.769,92.308,0.8227
103,487.81,71.875,22.483,67.448,0.61632
103,53.796,230.48,20.787,62.36,0.58773
103,215.47,90.547,19.987,59.961,0.44278
103,595.22,420.33,19.987,59.961,0.29767
103,163.23,96.664,29.586,88.757,0.25791
103,536.8,378.72,33.28,99.84,0.19717
103,299.83,256.03,43.794,131.38,0.16399
103,468.07,263.73,17.768,53.305,0.079275
104,472.51,86.05,17.768,53.305,1.1133
104,88.111,196.1,35.996,107.99,1.0737
104,157.79,122.71,23.382,70.146,0.8995
104,128.63,339.05,26.302,78.905,0.8638
104,134.41,122.71,23.382,70.146,0.71643
104,505.74,74.109,24.317,72.952,0.67583
104,118.41,53.734,18.479,55.438,0.45773
104,490.29,210.47,19.987,59.961,0.28978
104,220.09,100.57,20.787,62.36,0.22965
104,299.83,256.03,43.794,131.38,0.15048
104,508.05,219.31,17.768,53.305,0.10904
104,465.32,251.74,22.483,67.448,0.026978
105,85.288,335.79,45.546,136.64,1.9789
105,488,90.692,18.479,55.438,1.2337
105,234.03,98.904,28.448,85.344,0.86826
105,488,233.91,18.479,55.438,0.55164
105,92.347,165.3,24.317,72.952,0.46487
105,126.55,136.94,20.787,62.36,0.25496
105,148.65,134.98,27.354,82.061,0.18179
105,299.83,256.03,43.794,131.38,0.0028796
106,495.29,100.54,19.987,59.961,1.2506
106,508.71,287.7,19.218,57.655,1.176
106,503.61,223.76,17.768,53.305,1.0985
106,237.2,104.06,29.586,88.757,0.96634
106,120.91,364.24,37.435,112.31,0.82934
106,516.53,100.38,21.618,64.854,0.48979
106,392.23,105.79,21.618,64.854,0.36826
106,128.63,194.39,26.302,78.905,0.35269
106,447.88,224.81,30.769,92.308,0.22485
106,301.63,256.09,45.546,136.64,0.16723
106,523.16,181.24,26.302,78.905,0.12497
107,135.21,128.63,26.302,78.905,1.2665
107,240.41,135.21,26.302,78.905,0.89643
107,546.96,212.7,28.448,85.344,0.63952
107,506.47,349.4,18.479,55.438,0.49113
107,515.91,105.6,22.483,67.448,0.48553
107,485.14,350.69,23.382,70.146,0.46453
107,154.08,370.4,33.28,99.84,0.35572
107,67,171,32,96,0.30118
107,127.41,24.721,21.618,64.854,0.25746
107,97.241,185.76,25.29,75.87,0.21556
107,301.63,256.09,45.546,136.64,0.10583
107,490.06,84.681,28.448,85.344,0.068659
107,476.57,111.22,22.483,67.448,0.033489
107,243.75,360.55,38.933,116.8,0.012261
108,134.41,116.87,23.382,70.146,1.8551
108,432.33,84.596,25.29,75.87,1.1964
108,222.4,155.84,29.586,88.757,1.0726
108,487.81,116.84,22.483,67.448,0.97431
108,559.77,413.85,21.618,64.854,0.80372
108,536.8,245.6,33.28,99.84,0.46207
108,514.36,111.02,23.382,70.146,0.40173
108,56.233,205.58,28.448,85.344,0.33615
108,457.83,364.24,37.435,112.31,0.10995
108,301.63,244.7,45.546,136.64,0.070317
108,508.2,381.75,25.29,75.87,0.047374
109,136.94,105.76,20.787,62.36,2.2666
109,495.29,130.52,19.987,59.961,1.9401
109,415.35,93.947,27.354,82.061,1.144
109,454.5,91.793,28.448,85.344,1.1351
109,155.37,44.494,18.479,55.438,1.0855
109,195,171,32,96,0.87618
109,532.5,294.04,30.769,92.308,0.49229
109,17.115,232.5,30.769,92.308,0.33266
109,170.45,46.071,17.768,53.305,0.23502
109,530.26,405.88,17.768,53.305,0.20861
109,301.63,244.7,45.546,136.64,0.20196
109,260.44,90.547,19.987,59.961,0.064763
109,536.14,128.82,24.317,72.952,0.0074193
109,220.64,378.72,33.28,99.84,0.0035119
110,426.68,111.02,23.382,70.146,1.17
110,467.19,354.88,37.435,112.31,1.068
110,516.3,147.34,20.787,62.36,1.017
110,142.14,95.369,20.787,62.36,1.0086
110,510.29,386.63,22.483,67.448,0.74029
110,162.78,47.474,19.218,57.655,0.71124
110,253.48,360.55,38.933,116.8,0.60877
110,286.39,350.69,23.382,70.146,0.60459
110,169.17,203.36,27.354,82.061,0.52488
110,467,107,32,96,0.47515
110,474.14,53.734,18.479,55.438,0.4432
110,562.59,343.62,43.794,131.38,0.18484
110,321.46,263.01,23.382,70.146,0.13786
110,141.78,398.22,26.302,78.905,0.040922
110,549.46,135.21,26.302,78.905,0.024583
111,477.13,128.63,26.302,78.905,1.5113
111,141.51,86.072,18.479,55.438,1.231
111,525.62,148.69,28.448,85.344,0.90993
111,145.76,237.28,33.28,99.84,0.84608
111,562.59,343.62,43.794,131.38,0.77904
111,529.73,391.65,26.302,78.905,0.64132
111,200.48,55.57,19.987,59.961,0.60778
111,438.66,128.85,25.29,75.87,0.5465
111,459.13,64.189,20.787,62.36,0.45983
111,178.47,53.734,18.479,55.438,0.38678
111,451.69,385.13,29.586,88.757,0.30056
111,262.48,383.38,28.448,85.344,0.27346
111,301.63,256.09,45.546,136.64,0.18755
111,604.81,133.96,19.218,57.655,0.098045
111,260.44,90.547,19.987,59.961,0.047637
112,527.17,179.43,25.29,75.87,1.9221
112,134.91,81.608,17.768,53.305,1.1989
112,115.11,268.09,35.996,107.99,1.1174
112,540.69,343.62,43.794,131.38,0.86335
112,468.73,141.58,28.448,85.344,0.80556
112,433.17,141.58,28.448,85.344,0.6818
112,37.6,378.72,33.28,99.84,0.59574
112,454.08,71.875,22.483,67.448,0.59073
112,563,163,32,96,0.46699
112,530.26,420.33,19.987,59.961,0.3817
112,619.1,157.12,17.768,53.305,0.044861
112,204,378.72,33.28,99.84,0.034455
113,80.854,321.72,43.794,131.38,1.6045
113,531.61,203.36,27.354,82.061,1.5009
113,435,163,32,96,1.3731
113,535.74,360.55,38.933,116.8,1.3644
113,473.88,163.23,29.586,88.757,1.3124
113,463.95,84.596,25.29,75.87,0.70637
113,565.05,187.1,35.996,107.99,0.36795
113,186.86,67.957,21.618,64.854,0.35913
113,219.31,77.166,17.768,53.305,0.35461
113,154.08,370.4,33.28,99.84,0.045757
113,415.35,134.98,27.354,82.061,0.030721
113,243.75,360.55,38.933,116.8,0.015993
114,476.57,105.6,22.483,67.448,1.9832
114,192.86,75.95,23.382,70.146,1.4301
114,419,179,32,96,1.4088
114,139.63,354.88,37.435,112.31,1.3775
114,532.7,364.24,37.435,112.31,1.3478
114,540.45,222.4,29.586,88.757,1.3388
114,464.29,178.75,34.611,103.83,1.1994
114,170.45,41.629,17.768,53.305,0.63785
114,64.759,364.24,37.435,112.31,0.54687
114,225.24,85.911,19.218,57.655,0.42031
114,139.36,117.15,17.768,53.305,0.37441
114,574.68,204.81,38.933,116.8,0.28019
114,609.61,206.03,19.218,57.655,0.17902
114,157.73,100.57,20.787,62.36,0.14686
114,420.84,70.105,23.382,70.146,0.10044
114,46.071,397,17.768,53.305,0.092145
114,260.44,90.547,19.987,59.961,0.089359
114,123.03,123.03,18.479,55.438,0.026218
115,546.96,255.37,28.448,85.344,1.763
115,496.83,122.71,23.382,70.146,1.7161
115,448.14,204.81,38.933,116.8,1.2576
115,130.47,41.629,17.768,53.305,1.1206
115,535.74,360.55,38.933,116.8,1.108
115,97.749,360.55,38.933,116.8,1.0465
115,148.24,41.629,17.768,53.305,0.967
115,177.14,91.793,28.448,85.344,0.78166
115,23.34,257.16,23.382,70.146,0.52519
115,148.24,112.7,17.768,53.305,0.51997
115,127.41,111.19,21.618,64.854,0.49161
115,382.96,205.14,37.435,112.31,0.42604
115,578.62,234.45,40.49,121.47,0.39368
115,173.85,44.494,18.479,55.438,0.35981
115,435.32,410.34,19.987,59.961,0.22786
115,207.54,82.604,26.302,78.905,0.19343
115,160.47,135.18,25.29,75.87,0.11632
115,243.75,360.55,38.933,116.8,0.032223
116,555.58,278.65,30.769,92.308,1.6839
116,504.25,141.82,27.354,82.061,1.5944
116,170.96,101.73,30.769,92.308,1.0438
116,152.68,41.629,17.768,53.305,0.98551
116,113.7,343.62,43.794,131.38,0.76899
116,141.51,44.494,18.479,55.438,0.7075
116,150.56,116.84,22.483,67.448,0.55041
116,46.722,216.24,23.382,70.146,0.45195
116,409.42,232.5,30.769,92.308,0.37134
116,180.49,50.573,19.987,59.961,0.36525
116,586.29,244.7,45.546,136.64,0.19952
116,251.23,93.947,27.354,82.061,0.12662
116,217.12,94.038,30.769,92.308,0.097715
117,514.53,179.43,25.29,75.87,1.8214
117,542.17,317.19,34.611,103.83,1.3771
117,147.82,122.53,25.29,75.87,0.87517
117,120.8,370.4,33.28,99.84,0.7683
117,143.57,47.474,19.218,57.655,0.63925
117,159.99,44.494,18.479,55.438,0.4276
117,183.71,58.993,20.787,62.36,0.31207
117,163.27,155.58,30.769,92.308,0.27892
117,122.74,128.82,24.317,72.952,0.27685
117,263.68,133.96,19.218,57.655,0.19698
117,562.61,286.44,26.302,78.905,0.15299
117,227.93,111.02,23.382,70.146,0.1275
117,187.36,120.8,33.28,99.84,0.06225
117,243.75,360.55,38.933,116.8,0.017255
117,95.544,215.47,19.987,59.961,0.012499
118,513.98,205.14,37.435,112.31,2.4076
118,510.87,385.13,29.586,88.757,1.3926
118,146.13,53.734,18.479,55.438,1.3697
118,11.756,305.31,40.49,121.47,1.1038
118,220.69,128.63,26.302,78.905,1.0725
118,162.78,52.279,19.218,57.655,0.40428
118,563.52,335.79,45.546,136.64,0.36857
118,527.93,364.58,19.218,57.655,0.31632
118,163,371,32,96,0.29043
118,163.27,170.96,30.769,92.308,0.27179
118,70.88,245.6,33.28,99.84,0.21788
118,133.65,155.84,29.586,88.757,0.2018
118,94.358,161.81,22.483,67.448,0.1399
118,240.9,105.79,21.618,64.854,0.064784
118,243.75,360.55,38.933,116.8,0.056935
119,524.86,265.28,34.611,103.83,1.5222
119,222.4,155.84,29.586,88.757,0.53143
119,88.111,259.09,35.996,107.99,0.41217
119,187.01,75.95,23.382,70.146,0.39024
119,170.5,55.57,19.987,59.961,0.3369
119,192.82,155.84,29.586,88.757,0.32162
119,209.7,105.76,20.787,62.36,0.26017
119,153.18,57.083,19.218,57.655,0.23544
119,515.27,415.34,19.987,59.961,0.23525
119,495.29,415.34,19.987,59.961,0.23029
119,12.223,261.66,20.787,62.36,0.17249
119,562.64,385.13,29.586,88.757,0.082204
119,260.44,90.547,19.987,59.961,0.039349
119,210.47,420.33,19.987,59.961,0.027837
120,518.74,318.72,42.11,126.33,1.6206
120,195.7,80.188,24.317,72.952,0.82497
120,204.72,122.53,25.29,75.87,0.6237
120,37.6,237.28,33.28,99.84,0.38566
120,111.02,116.87,23.382,70.146,0.29761
120,160.5,60.567,19.987,59.961,0.28949
120,570.24,415.34,19.987,59.961,0.21952
120,179.04,170.72,33.28,99.84,0.1623
120,135.21,128.63,26.302,78.905,0.15923
120,233.84,398.22,26.302,78.905,0.15566
120,148.44,222.4,29.586,88.757,0.064241
120,115.48,240.41,26.302,78.905,0.044832
120,86.072,196.95,18.479,55.438,0.036798
120,45.92,378.72,33.28,99.84,0.0079937
121,39.742,335.79,45.546,136.64,1.1605
121,176.05,67.957,21.618,64.854,1.0471
121,88.111,205.1,35.996,107.99,0.74152
121,536.31,398.22,26.302,78.905,0.45463
121,194.39,89.179,26.302,78.905,0.33359
121,182,210.83,19.218,57.655,0.31092
121,510.01,398.22,26.302,78.905,0.20266
121,132.81,186.86,21.618,64.854,0.14865
121,165.3,128.82,24.317,72.952,0.1476
121,207.54,187.81,26.302,78.905,0.11548
121,204.5,136.94,20.787,62.36,0.091843
121,260.44,90.547,19.987,59.961,0.076677
121,123.03,118.41,18.479,55.438,0.041715
121,188.22,157.12,17.768,53.305,0.010114
122,244.59,155.84,29.586,88.757,0.98877
122,173.05,71.875,22.483,67.448,0.87866
122,45.92,245.6,33.28,99.84,0.58129
122,217.12,155.58,30.769,92.308,0.52581
122,184.25,155.8,28.448,85.344,0.51392
122,74.915,247.97,34.611,103.83,0.36879
122,192.86,111.02,23.382,70.146,0.22082
122,23.34,210.4,23.382,70.146,0.18219
122,148.65,148.65,27.354,82.061,0.13862
122,96.664,207.61,29.586,88.757,0.11534
122,321.46,298.08,23.382,70.146,0.075229
123,127.41,100.38,21.618,64.854,1.5296
123,174.89,86.05,17.768,53.305,1.2302
123,130.27,364.24,37.435,112.31,1.11
123,192.86,75.95,23.382,70.146,1.0403
123,255.3,128.85,25.29,75.87,0.84251
123,179,115,32,96,0.54664
123,19.883,292.41,38.933,116.8,0.39494
123,230.01,135.18,25.29,75.87,0.39038
123,153.14,226.09,24.317,72.952,0.29978
123,20.592,215.47,19.987,59.961,0.2569
123,67,235,32,96,0.20594
123,3.1026,235.5,21.618,64.854,0.15375
123,243.75,360.55,38.933,116.8,0.0025225
124,113.7,343.62,43.794,131.38,1.879
124,143.62,105.79,21.618,64.854,1.3966
124,175.49,90.547,19.987,59.961,1.0881
124,148.44,207.61,29.586,88.757,0.95388
124,189.62,80.188,24.317,72.952,0.40068
124,105.79,100.38,21.618,64.854,0.36619
124,226.09,116.66,24.317,72.952,0.099466
124,170.02,141.58,28.448,85.344,0.086568
124,247.88,101.73,30.769,92.308,0.011863
125,113.7,332.67,43.794,131.38,2.3719
125,187.81,89.179,26.302,78.905,1.2838
125,170.64,100.38,21.618,64.854,1.085
125,139,163,32,96,0.67886
125,223.88,93.947,27.354,82.061,0.57378
125,140.25,111.02,23.382,70.146,0.42168
125,251.23,93.947,27.354,82.061,0.31816
125,160.47,135.18,25.29,75.87,0.15383
125,22.616,303.24,20.787,62.36,0.043013
126,457.88,360.55,38.933,116.8,1.3138
126,178.67,111.22,22.483,67.448,1.0655
126,511.84,378.72,33.28,99.84,0.84722
126,109.53,196.05,34.611,103.83,0.50339
126,198.47,98.904,28.448,85.344,0.34683
126,133.65,325.95,29.586,88.757,0.28805
126,150.56,105.6,22.483,67.448,0.25081
126,481.28,333.35,29.586,88.757,0.10003
127,457.88,302.15,38.933,116.8,2.1698
127,189.62,116.66,24.317,72.952,1.8472
127,497.64,305.31,40.49,121.47,1.7771
127,157.73,105.76,20.787,62.36,0.80475
127,72.491,224.33,40.49,121.47,0.72881
127,215.01,104.06,29.586,88.757,0.60256
127,58.957,343.62,43.794,131.38,0.46573
127,489.5,287.7,19.218,57.655,0.050114
128,475.06,268.09,35.996,107.99,1.6061
128,170.64,111.19,21.618,64.854,1.5513
128,140.25,111.02,23.382,70.146,1.1788
128,194.39,128.63,26.302,78.905,1.1513
128,113.7,332.67,43.794,131.38,1.0051
128,58.816,282.68,38.933,116.8,0.80902
128,448.07,268.09,35.996,107.99,0.75221
128,85.288,256.09,45.546,136.64,0.63989
128,113.13,155.8,28.448,85.344,0.43621
128,511.13,413.85,21.618,64.854,0.16333
128,223.69,122.53,25.29,75.87,0.11539
129,427,227,32,96,2.2848
129,507.85,343.62,43.794,131.38,2.2318
129,551.64,343.62,43.794,131.38,2.0154
129,108.06,335.79,45.546,136.64,1.9695
129,217.04,134.98,27.354,82.061,1.2211
129,189.68,141.82,27.354,82.061,1.1998
129,470.96,232.5,30.769,92.308,1.0132
129,116.66,128.82,24.317,72.952,0.96172
129,62.368,224.33,40.49,121.47,0.8276
129,160.47,122.53,25.29,75.87,0.77223
129,172.39,57.083,19.218,57.655,0.11977
129,37.493,207.61,29.586,88.757,0.087388
129,195.48,55.57,19.987,59.961,0.038042
130,564.94,302.15,38.933,116.8,1.82
130,133.7,111.22,22.483,67.448,1.6992
130,417.95,194.39,26.302,78.905,1.6775
130,448.07,196.1,35.996,107.99,1.4536
130,526.01,292.41,38.933,116.8,1.2577
130,112.48,370.4,33.28,99.84,0.93604
130,170.45,50.513,17.768,53.305,0.65545
130,162.78,129.15,19.218,57.655,0.60106
130,70.88,187.36,33.28,99.84,0.56685
130,170.96,163.27,30.769,92.308,0.32641
130,186.81,47.474,19.218,57.655,0.22976
130,511.13,278.73,21.618,64.854,0.2059
130,436.65,172.39,19.218,57.655,0.19789
130,186.81,129.15,19.218,57.655,0.13769
131,518.8,256.03,43.794,131.38,2.2062
131,432.5,170.96,30.769,92.308,2.0641
131,130.27,364.24,37.435,112.31,1.3183
131,400.72,173.11,25.29,75.87,1.2928
131,181.24,141.78,26.302,78.905,0.96475
131,147.34,95.369,20.787,62.36,0.8287
131,126.83,178.75,34.611,103.83,0.69197
131,55.871,220.01,24.317,72.952,0.66902
131,565.05,259.09,35.996,107.99,0.47557
131,417.95,141.78,26.302,78.905,0.47069
131,170.45,46.071,17.768,53.305,0.39448
131,101.73,155.58,30.769,92.308,0.34745
131,582.34,398.22,26.302,78.905,0.23928
131,183.78,41.629,17.768,53.305,0.22547
131,161.44,178.75,34.611,103.83,0.11523
132,386.63,150.56,22.483,67.448,1.422
132,422.19,148.65,27.354,82.061,1.3088
132,92.835,205.14,37.435,112.31,0.96933
132,563,235,32,96,0.71764
132,130.27,195.78,37.435,112.31,0.50621
132,153.47,153.47,40.49,121.47,0.3729
132,148.37,85.911,19.218,57.655,0.24797
132,529.73,233.84,26.302,78.905,0.19589
132,163,371,32,96,0.12506
132,243.75,360.55,38.933,116.8,0.083107
133,520.06,205.1,35.996,107.99,1.9701
133,547.06,205.1,35.996,107.99,1.0406
133,155.58,101.73,30.769,92.308,0.51252
133,388.08,128.85,25.29,75.87,0.38362
133,76.59,223.97,42.11,126.33,0.36899
133,455.64,247.97,34.611,103.83,0.34494
133,134.98,189.68,27.354,82.061,0.19969
133,107,179,32,96,0.17308
133,52.246,234.45,40.49,121.47,0.10502
134,511.84,179.04,33.28,99.84,1.9147
134,155.51,90.547,19.987,59.961,1.6071
134,8.6053,270.65,37.435,112.31,0.84115
134,97.11,196.1,35.996,107.99,0.68517
134,536.8,179.04,33.28,99.84,0.53865
134,74.475,207.61,29.586,88.757,0.37538
134,187.81,89.179,26.302,78.905,0.3201
134,215.01,96.664,29.586,88.757,0.26349
134,417.12,217.12,30.769,92.308,0.20303
134,499.11,172.39,19.218,57.655,0.1913
134,170.45,41.629,17.768,53.305,0.098053
134,141.78,398.22,26.302,78.905,0.036113
135,501.73,163.27,30.769,92.308,1.7219
135,140.25,75.95,23.382,70.146,1.4855
135,531,163,32,96,1.1935
135,19,227,32,96,0.59569
135,227.93,111.02,23.382,70.146,0.35559
135,66.593,244.39,27.354,82.061,0.11305
136,184.29,105.6,22.483,67.448,1.3119
136,495.27,139.63,37.435,112.31,1.1788
136,206.77,105.6,22.483,67.448,1.0077
136,525.62,148.69,28.448,85.344,0.79287
136,122,67.957,21.618,64.854,0.75367
136,20.96,312.16,33.28,99.84,0.58765
136,185.42,385.13,29.586,88.757,0.1104
136,243.75,360.55,38.933,116.8,0.084914
137,490.25,118.18,34.611,103.83,1.1685
137,523.16,135.21,26.302,78.905,0.77583
137,165.24,100.38,21.618,64.854,0.75746
137,163,371,32,96,0.53258
137,188.22,361.46,17.768,53.305,0.38232
137,121.59,41.629,17.768,53.305,0.30493
137,8.6053,345.52,37.435,112.31,0.16281
137,148.24,405.88,17.768,53.305,0.11232
138,483,115,32,96,1.4889
138,137.44,187.36,33.28,99.84,1.1239
138,164.61,90.692,18.479,55.438,0.67839
138,511.82,122.74,24.317,72.952,0.58184
138,141.78,89.179,26.302,78.905,0.41216
139,124.81,155.58,30.769,92.308,1.4756
139,481.28,104.06,29.586,88.757,0.94172
139,164.61,81.453,18.479,55.438,0.54054
139,136.89,86.072,18.479,55.438,0.33404
139,503.47,104.06,29.586,88.757,0.26812
139,301.63,244.7,45.546,136.64,0.22911
139,141.78,391.65,26.302,78.905,0.1183
140,476.9,93.947,27.354,82.061,0.89842
140,133.7,111.22,22.483,67.448,0.60745
140,141.78,398.22,26.302,78.905,0.46238
140,129.15,52.279,19.218,57.655,0.31536
140,497.17,91.793,28.448,85.344,0.27876
140,299.83,256.03,43.794,131.38,0.17302
140,120.24,141.58,28.448,85.344,0.063777
141,73.902,335.79,45.546,136.64,2.061
141,490.58,87.108,27.354,82.061,0.78383
141,470.55,89.179,26.302,78.905,0.62613
141,220.69,398.22,26.302,78.905,0.54221
141,432.33,84.596,25.29,75.87,0.43036
141,143.62,57.148,21.618,64.854,0.42137
141,111.22,150.56,22.483,67.448,0.32055
141,243.75,360.55,38.933,116.8,0.070592
141,141.78,398.22,26.302,78.905,0.043501
142,113.13,141.58,28.448,85.344,1.3382
142,154.43,105.79,21.618,64.854,1.1678
142,83.476,280.01,37.435,112.31,0.8198
142,449.55,87.108,27.354,82.061,0.49139
142,427.95,95.369,20.787,62.36,0.48717
142,482.91,84.596,25.29,75.87,0.21361
142,136.94,58.993,20.787,62.36,0.16264
142,179.04,378.72,33.28,99.84,0.11971
142,141.78,398.22,26.302,78.905,0.033062
143,507.85,343.62,43.794,131.38,1.8917
143,136.68,360.55,38.933,116.8,1.5707
143,397.88,105.6,22.483,67.448,1.1738
143,161.81,66.254,22.483,67.448,0.73105
143,155.84,163.23,29.586,88.757,0.70495
143,143.62,111.19,21.618,64.854,0.62237
143,457.08,105.79,21.618,64.854,0.11202
143,292.41,282.68,38.933,116.8,0.041971
143,539.85,326.49,28.448,85.344,0.025716
144,507.76,295.19,40.49,121.47,1.983
144,169.48,75.95,23.382,70.146,1.3389
144,107.48,360.55,38.933,116.8,1.2096
144,186.35,170.96,30.769,92.308,1.1624
144,148.24,77.166,17.768,53.305,1.0799
144,467.89,67.957,21.618,64.854,0.74682
144,116.66,128.82,24.317,72.952,0.70665
144,386.63,111.22,22.483,67.448,0.35002
144,104.16,179.04,33.28,99.84,0.32192
144,539.82,274.27,25.29,75.87,0.15032
144,326.81,270.65,37.435,112.31,0.1396
144,243.75,360.55,38.933,116.8,0.10265
144,433.15,58.993,20.787,62.36,0.074321
145,396.31,122.74,24.317,72.952,1.8916
145,520.06,259.09,35.996,107.99,1.5306
145,97.749,360.55,38.933,116.8,1.0596
145,187.1,196.1,35.996,107.99,0.89669
145,178.47,86.072,18.479,55.438,0.88286
145,132.5,155.58,30.769,92.308,0.68847
145,451.3,122.53,25.29,75.87,0.39745
145,155.37,86.072,18.479,55.438,0.3403
145,347.68,311.2,24.317,72.952,0.19948
145,243.75,360.55,38.933,116.8,0.076832
146,526.01,214.55,38.933,116.8,2.6477
146,187.81,89.179,26.302,78.905,1.6546
146,107,227,32,96,1.3577
146,403.3,75.95,23.382,70.146,1.2395
146,160.5,95.544,19.987,59.961,1.1129
146,408.51,134.98,27.354,82.061,1.0922
146,449.55,134.98,27.354,82.061,0.71645
146,329.25,308.19,42.11,126.33,0.7089
146,120.91,364.24,37.435,112.31,0.65185
146,122.53,128.85,25.29,75.87,0.51432
146,43,227,32,96,0.45542
146,432.54,77.166,17.768,53.305,0.43973
146,36.576,187.81,26.302,78.905,0.42288
146,432.79,116.66,24.317,72.952,0.27288
146,68.549,204.81,38.933,116.8,0.14792
146,128.08,206.77,22.483,67.448,0.061999
146,243.75,360.55,38.933,116.8,0.032593
146,302.12,326.14,19.218,57.655,0.0064118
147,195.53,105.6,22.483,67.448,1.7848
147,529.06,187.1,35.996,107.99,1.6875
147,422.23,85.911,19.218,57.655,1.2408
147,122.71,111.02,23.382,70.146,1.0643
147,143.57,57.083,19.218,57.655,1.0401
147,450.3,41.629,17.768,53.305,1.0037
147,144.14,187.4,34.611,103.83,0.98644
147,165.24,105.79,21.618,64.854,0.92526
147,400.35,90.547,19.987,59.961,0.74509
147,454.5,155.8,28.448,85.344,0.58222
147,109.53,196.05,34.611,103.83,0.50376
147,158.35,364.24,37.435,112.31,0.36393
147,422.11,155.84,29.586,88.757,0.31241
147,315.43,305.31,40.49,121.47,0.29024
147,143.62,403.04,21.618,64.854,0.15104
147,60.634,111.22,22.483,67.448,0.11444
147,433.15,58.993,20.787,62.36,0.056307
147,467,107,32,96,0.0067904
148,531,163,32,96,2.2147
148,141.51,53.734,18.479,55.438,1.4908
148,185.76,122.53,25.29,75.87,1.2655
148,467,163,32,96,1.1
148,378.5,89.179,26.302,78.905,1.0599
148,156.19,116.84,22.483,67.448,1.0108
148,454.75,41.629,17.768,53.305,0.94925
148,400.72,84.596,25.29,75.87,0.90426
148,195,171,32,96,0.87846
148,139,163,32,96,0.6331
148,432.5,170.96,30.769,92.308,0.62612
148,417.95,135.21,26.302,78.905,0.45832
148,305.31,305.31,40.49,121.47,0.35406
148,167.71,364.24,37.435,112.31,0.25634
148,243.75,360.55,38.933,116.8,0.11806
148,114.74,57.083,19.218,57.655,0.075016
148,448.74,95.369,20.787,62.36,0.04689
149,511.4,141.58,28.448,85.344,1.3217
149,234.03,148.69,28.448,85.344,1.2171
149,163,371,32,96,0.92092
149,478.56,187.36,33.28,99.84,0.87374
149,186.35,155.58,30.769,92.308,0.76656
149,135.52,135.52,19.987,59.961,0.49566
149,439.07,187.1,35.996,107.99,0.49483
149,320.48,320.48,33.28,99.84,0.47665
149,127.65,49.114,18.479,55.438,0.38159
149,141.78,398.22,26.302,78.905,0.16959
149,110.53,50.573,19.987,59.961,0.018
150,301.63,335.79,45.546,136.64,1.9061
150,422.19,196.52,27.354,82.061,1.83
150,496.86,128.63,26.302,78.905,1.2683
150,141.51,53.734,18.479,55.438,1.2226
150,203.36,141.82,27.354,82.061,0.87143
150,240.41,135.21,26.302,78.905,0.84421
150,439.11,214.5,37.435,112.31,0.76603
150,141.82,148.65,27.354,82.061,0.58976
150,476.55,205.14,37.435,112.31,0.51036
150,185.76,135.18,25.29,75.87,0.48285
150,113.13,148.69,28.448,85.344,0.46401
150,243.75,360.55,38.933,116.8,0.14833
150,141.78,398.22,26.302,78.905,0.086501
150,178.47,377.12,18.479,55.438,0.042571
150,275.48,233.91,18.479,55.438,0.014785
151,481.28,104.06,29.586,88.757,2.4074
151,399.48,224.28,38.933,116.8,1.5358
151,115,171,32,96,1.126
151,455.58,234.5,42.11,126.33,1.0251
151,507.76,234.45,40.49,121.47,0.99739
151,185.76,122.53,25.29,75.87,0.77604
151,157.73,53.796,20.787,62.36,0.62521
151,262.57,122.74,24.317,72.952,0.52699
151,204.72,128.85,25.29,75.87,0.33437
151,227.93,122.71,23.382,70.146,0.30028
151,145.76,370.4,33.28,99.84,0.24687
151,220.05,159.99,18.479,55.438,0.18013
151,415.34,415.34,19.987,59.961,0.084945
151,148.24,81.608,17.768,53.305,0.043358
152,476.9,93.947,27.354,82.061,1.5135
152,490.98,403.3,23.382,70.146,1.4765
152,92.221,196.05,34.611,103.83,1.005
152,445.05,245.03,42.11,126.33,0.94238
152,387.41,321.72,43.794,131.38,0.74379
152,150.51,60.567,19.987,59.961,0.6375
152,493.06,277.09,35.996,107.99,0.63659
152,529.36,256.09,45.546,136.64,0.57721
152,185.42,104.06,29.586,88.757,0.55897
152,214.11,135.21,26.302,78.905,0.44219
152,308.09,289.37,37.435,112.31,0.42212
152,141.78,398.22,26.302,78.905,0.3466
152,446.27,408.44,21.618,64.854,0.064179
152,243.75,360.55,38.933,116.8,0.037204
153,162.33,148.65,27.354,82.061,1.4223
153,475.3,90.547,19.987,59.961,1.074
153,467.6,350.69,23.382,70.146,1.029
153,418.94,302.15,38.933,116.8,0.6811
153,558.37,305.31,40.49,121.47,0.67871
153,189.68,148.65,27.354,82.061,0.55056
153,154.43,67.957,21.618,64.854,0.54711
153,370.28,282.68,38.933,116.8,0.39383
153,529.27,308.19,42.11,126.33,0.37938
153,400.72,280.59,25.29,75.87,0.33021
153,493.06,277.09,35.996,107.99,0.30793
153,307.82,340.16,18.479,55.438,0.19894
153,335.79,335.79,45.546,136.64,0.18317
153,58.816,224.28,38.933,116.8,0.15453
154,463.19,80.188,24.317,72.952,1.5381
154,147,163,32,96,1.3686
154,475,332.67,43.794,131.38,1.0531
154,420.63,317.28,24.317,72.952,1.0426
154,516.28,360.55,38.933,116.8,1.0415
154,175.49,100.54,19.987,59.961,0.84909
154,118.85,163.23,29.586,88.757,0.79553
154,562.59,343.62,43.794,131.38,0.70754
154,320.4,295.42,19.987,59.961,0.47886
154,194.39,89.179,26.302,78.905,0.39779
154,28.356,267.47,45.546,136.64,0.39078
154,243.75,360.55,38.933,116.8,0.15141
154,141.78,398.22,26.302,78.905,0.021319
155,180.49,95.544,19.987,59.961,1.8151
155,146.41,360.55,38.933,116.8,1.6016
155,457.11,68.029,24.317,72.952,1.3002
155,142.14,95.369,20.787,62.36,0.61279
155,92.221,187.4,34.611,103.83,0.39358
155,320.4,295.42,19.987,59.961,0.21423
155,243.75,360.55,38.933,116.8,0.10307
155,303.2,340.16,18.479,55.438,0.050233
155,523.16,391.65,26.302,78.905,0.048264
156,120.91,364.24,37.435,112.31,1.0491
156,446.27,62.552,21.618,64.854,0.70546
156,147.82,223.69,25.29,75.87,0.56096
156,52.115,205.1,35.996,107.99,0.41334
156,25.118,196.1,35.996,107.99,0.28941
156,153.18,95.52,19.218,57.655,0.12143
156,605.84,386.63,22.483,67.448,0.11558
156,320.4,300.41,19.987,59.961,0.071865
156,590.36,403.3,23.382,70.146,0.01987
157,560.85,318.72,42.11,126.33,1.625
157,92.835,354.88,37.435,112.31,1.3396
157,507.85,321.72,43.794,131.38,1.1916
157,79.112,205.1,35.996,107.99,0.9825
157,147.82,223.69,25.29,75.87,0.65453
157,7.1205,268.09,35.996,107.99,0.63182
157,118.18,196.05,34.611,103.83,0.58733
157,313.56,296.7,22.483,67.448,0.57465
157,588.91,293.02,26.302,78.905,0.14126
157,535.74,282.68,38.933,116.8,0.11432
157,433.15,58.993,20.787,62.36,0.07097
158,493.06,277.09,35.996,107.99,2.0624
158,540.69,256.03,43.794,131.38,1.4647
158,112.48,179.04,33.28,99.84,1.1147
158,155.84,207.61,29.586,88.757,0.98258
158,97.11,349.08,35.996,107.99,0.91669
158,67,227,32,96,0.69941
158,460.28,81.453,18.479,55.438,0.53629
158,313.56,296.7,22.483,67.448,0.32096
158,243.75,360.55,38.933,116.8,0.13308
158,78.273,185.76,25.29,75.87,0.09778
158,435.32,60.567,19.987,59.961,0.025016
159,470.24,237.28,33.28,99.84,2.0365
159,102.75,343.62,43.794,131.38,1.9761
159,516.28,224.28,38.933,116.8,1.15
159,448.46,66.254,22.483,67.448,0.81147
159,383.67,41.629,17.768,53.305,0.77665
159,84.681,205.58,28.448,85.344,0.52331
159,154.08,179.04,33.28,99.84,0.50314
159,126.25,163.23,29.586,88.757,0.3142
159,320.4,300.41,19.987,59.961,0.12578
159,243.75,360.55,38.933,116.8,0.090815
159,109.17,164.61,18.479,55.438,0.063525
159,191.61,210.83,19.218,57.655,0.030202
160,438.33,196.05,34.611,103.83,1.669
160,192.33,196.95,18.479,55.438,1.1648
160,120.91,364.24,37.435,112.31,1.002
160,432.79,74.109,24.317,72.952,0.83729
160,517.9,122.74,24.317,72.952,0.49193
160,496.86,194.39,26.302,78.905,0.44942
160,155.58,163.27,30.769,92.308,0.36803
160,386.38,64.189,20.787,62.36,0.31282
160,503.61,157.12,17.768,53.305,0.19775
160,126.25,148.44,29.586,88.757,0.12896
160,499.05,251.74,22.483,67.448,0.10959
161,426.01,173.11,25.29,75.87,1.1933
161,451,163,32,96,1.1241
161,432.33,84.596,25.29,75.87,1.0685
161,518.51,141.58,28.448,85.344,0.94403
161,183.71,178.52,20.787,62.36,0.493
161,397.88,71.875,22.483,67.448,0.39639
161,161.81,156.19,22.483,67.448,0.3663
161,135.52,60.567,19.987,59.961,0.27508
161,531.9,116.87,23.382,70.146,0.10594
162,414.55,80.188,24.317,72.952,1.7659
162,415.35,148.65,27.354,82.061,1.7441
162,510.87,163.23,29.586,88.757,1.0431
162,107.62,134.98,27.354,82.061,0.81723
162,442.71,93.947,27.354,82.061,0.37903
162,183.09,164.61,18.479,55.438,0.36577
162,435.87,141.82,27.354,82.061,0.25596
163,510.87,148.44,29.586,88.757,1.2388
163,426.06,98.904,28.448,85.344,1.0024
163,470.24,187.36,33.28,99.84,0.95288
163,278.88,378.72,33.28,99.84,0.93192
163,104.51,122.74,24.317,72.952,0.84497
163,459.19,41.629,17.768,53.305,0.82886
163,186.81,85.911,19.218,57.655,0.82015
163,459.09,104.06,29.586,88.757,0.79042
163,400.35,130.52,19.987,59.961,0.65666
163,150.51,135.52,19.987,59.961,0.29352
163,305.76,408.44,21.618,64.854,0.21997
163,365.35,128.63,26.302,78.905,0.15715
163,299,307,32,96,0.035742
163,141.78,398.22,26.302,78.905,0.021803
164,427,107,32,96,1.4313
164,111.02,111.02,23.382,70.146,1.1444
164,469.27,122.74,24.317,72.952,1.1002
164,417.12,217.12,30.769,92.308,1.0803
164,483,179,32,96,1.0791
164,187.81,89.179,26.302,78.905,1.027
164,215.47,100.54,19.987,59.961,0.9928
164,454.75,41.629,17.768,53.305,0.7833
164,274.18,385.13,29.586,88.757,0.2383
164,134.91,46.071,17.768,53.305,0.22531
164,135.18,122.53,25.29,75.87,0.15787
164,299.59,398.22,26.302,78.905,0.050126
164,141.78,398.22,26.302,78.905,0.016778
165,476.9,134.98,27.354,82.061,1.7772
165,421.03,126.83,34.611,103.83,1.386
165,196.52,93.947,27.354,82.061,1.326
165,420.4,205.14,37.435,112.31,1.1657
165,454.75,41.629,17.768,53.305,0.79209
165,223.63,105.6,22.483,67.448,0.72854
165,165.3,74.109,24.317,72.952,0.69262
165,148.65,93.947,27.354,82.061,0.5919
165,241.09,124.11,35.996,107.99,0.28807
165,253.92,378.72,33.28,99.84,0.22487
165,157.12,46.071,17.768,53.305,0.11618
166,478.65,155.58,30.769,92.308,2.01
166,427,171,32,96,1.0637
166,412.62,52.279,19.218,57.655,0.89216
166,192.82,104.06,29.586,88.757,0.73271
166,450.3,41.629,17.768,53.305,0.56876
166,192.26,67.957,21.618,64.854,0.4078
166,225.24,133.96,19.218,57.655,0.27048
166,152.68,50.513,17.768,53.305,0.23801
166,495.51,136.94,20.787,62.36,0.14486
166,180.49,90.547,19.987,59.961,0.035417
167,483.82,335.79,45.546,136.64,2.1811
167,563.52,335.79,45.546,136.64,1.9688
167,459,179,32,96,1.2917
167,429.75,205.14,37.435,112.31,1.0694
167,214.11,135.21,26.302,78.905,0.54691
167,187.36,120.8,33.28,99.84,0.43964
167,40.304,256.62,34.611,103.83,0.34737
167,167.59,52.279,19.218,57.655,0.26388
167,141.78,398.22,26.302,78.905,0.10292
167,603.04,324.85,25.29,75.87,0.055291
168,496.81,292.41,38.933,116.8,1.4722
168,564.94,292.41,38.933,116.8,1.2965
168,282.68,360.55,38.933,116.8,0.97799
168,205.58,148.69,28.448,85.344,0.61982
168,420.26,245.08,43.794,131.38,0.45792
168,230.72,148.65,27.354,82.061,0.41473
168,169.17,39.239,27.354,82.061,0.23244
168,48.957,317.19,34.611,103.83,0.047526
168,157.73,64.189,20.787,62.36,0.027288
168,62.878,391.65,26.302,78.905,0.022227
169,540.69,256.03,43.794,131.38,1.8861
169,484.06,259.09,35.996,107.99,1.0708
169,188.22,46.071,17.768,53.305,0.75446
169,420.26,245.08,43.794,131.38,0.60733
169,163.27,47.885,30.769,92.308,0.49422
169,239.66,95.52,19.218,57.655,0.43982
169,436.65,52.279,19.218,57.655,0.28208
169,237.28,378.72,33.28,99.84,0.22763
169,427,355,32,96,0.18465
169,460.28,53.734,18.479,55.438,0.17452
170,526.01,224.28,38.933,116.8,2.1115
170,478.56,237.28,33.28,99.84,1.2462
170,418.94,282.68,38.933,116.8,1.0106
170,118.41,90.692,18.479,55.438,0.85886
170,201.57,53.734,18.479,55.438,0.78419
170,459.13,53.796,20.787,62.36,0.35845
170,431.84,57.083,19.218,57.655,0.26522
170,170.72,378.72,33.28,99.84,0.23687
170,429.5,385.13,29.586,88.757,0.23564
170,194.39,89.179,26.302,78.905,0.18471
170,159.99,81.453,18.479,55.438,0.046063
170,243.75,360.55,38.933,116.8,0.033008
171,404.11,335.79,45.546,136.64,2.0796
171,533.51,196.05,34.611,103.83,1.3361
171,488.68,215.01,29.586,88.757,1.2956
171,104.16,378.72,33.28,99.84,1.1169
171,429.68,187.4,34.611,103.83,0.89377
171,155.51,95.544,19.987,59.961,0.85393
171,178.47,81.453,18.479,55.438,0.78287
171,403.07,187.1,35.996,107.99,0.66655
171,206.03,57.083,19.218,57.655,0.51287
171,435.46,62.552,21.618,64.854,0.33287
171,457.08,57.148,21.618,64.854,0.18631
171,244.46,95.52,19.218,57.655,0.12993
171,95.544,95.544,19.987,59.961,0.067591
171,243.75,360.55,38.933,116.8,0.017169
172,472.94,178.75,34.611,103.83,1.3627
172,134.98,93.947,27.354,82.061,1.3237
172,183.78,86.05,17.768,53.305,1.146
172,424.65,67.957,21.618,64.854,0.93459
172,533.51,196.05,34.611,103.83,0.91272
172,167.59,90.715,19.218,57.655,0.81906
172,451.68,67.957,21.618,64.854,0.63974
172,99.932,423.32,18.479,55.438,0.59523
172,315.4,295.42,19.987,59.961,0.52982
172,426.78,224.33,40.49,121.47,0.45996
172,213.88,67.957,21.618,64.854,0.18027
173,503.52,170.72,33.28,99.84,1.7417
173,467,163,32,96,1.5696
173,426.88,256.09,45.546,136.64,1.3389
173,467.19,270.65,37.435,112.31,1.2375
173,163.27,94.038,30.769,92.308,1.1106
173,210.81,81.453,18.479,55.438,0.8731
173,155.37,86.072,18.479,55.438,0.8078
173,244.46,95.52,19.218,57.655,0.48718
173,420.84,75.95,23.382,70.146,0.41694
173,190.48,95.544,19.987,59.961,0.27162
173,325.92,334.81,17.768,53.305,0.1585
173,444.22,70.105,23.382,70.146,0.053309
173,145.76,378.72,33.28,99.84,0.012982
174,163.63,122.71,23.382,70.146,1.5685
174,468.73,141.58,28.448,85.344,1.2205
174,495.27,130.27,37.435,112.31,1.2123
174,215.47,95.544,19.987,59.961,1.0979
174,417.95,82.604,26.302,78.905,0.78016
174,444.95,80.188,24.317,72.952,0.72172
174,323,355,32,96,0.64839
174,197.67,105.79,21.618,64.854,0.6409
174,507.76,315.43,40.49,121.47,0.17789
174,141.78,398.22,26.302,78.905,0.17536
175,501.88,122.53,25.29,75.87,1.6955
175,404.8,89.179,26.302,78.905,1.495
175,201.55,46.071,17.768,53.305,1.2237
175,251.94,364.24,37.435,112.31,1.1231
175,463.95,135.18,25.29,75.87,1.0092
175,141.82,134.98,27.354,82.061,0.9118
175,444.25,89.179,26.302,78.905,0.88876
175,177.46,116.66,24.317,72.952,0.81759
175,317.45,364.24,37.435,112.31,0.72809
175,579.5,364.24,37.435,112.31,0.56287
175,201.15,116.84,22.483,67.448,0.34583
175,141.78,391.65,26.302,78.905,0.013453
176,499,107,32,96,1.1781
176,433.17,98.904,28.448,85.344,1.1618
176,409.12,105.6,22.483,67.448,1.1307
176,467,115,32,96,1.0866
176,133.65,148.44,29.586,88.757,1.0206
176,201.77,128.82,24.317,72.952,0.81267
176,173.11,122.53,25.29,75.87,0.53847
176,321.97,408.44,21.618,64.854,0.39784
176,164.61,44.494,18.479,55.438,0.36818
176,244.46,95.52,19.218,57.655,0.29245
176,294.95,413.85,21.618,64.854,0.22082
176,141.78,398.22,26.302,78.905,0.0034573
177,288.88,332.67,43.794,131.38,1.6345
177,112.48,170.72,33.28,99.84,1.2862
177,368.23,122.71,23.382,70.146,1.0191
177,501.73,94.038,30.769,92.308,0.97595
177,473.45,111.02,23.382,70.146,0.97081
177,196.52,134.98,27.354,82.061,0.91385
177,432.5,101.73,30.769,92.308,0.73172
177,408.47,116.66,24.317,72.952,0.54716
177,168.08,141.78,26.302,78.905,0.44184
177,130.47,86.05,17.768,53.305,0.39567
177,244.46,95.52,19.218,57.655,0.30261
177,489.24,135.18,25.29,75.87,0.28386
177,186.81,210.83,19.218,57.655,0.21624
177,586.29,335.79,45.546,136.64,0.06739
177,141.78,398.22,26.302,78.905,0.013684
178,490.58,87.108,27.354,82.061,1.5355
178,551.64,332.67,43.794,131.38,1.377
178,4.32,370.4,33.28,99.84,1.2916
178,140.51,90.547,19.987,59.961,1.274
178,457.08,100.38,21.618,64.854,1.1403
178,395.07,126.83,34.611,103.83,1.0176
178,287.14,318.72,42.11,126.33,0.98455
178,88.111,187.1,35.996,107.99,0.87683
178,184.25,155.8,28.448,85.344,0.47692
178,244.46,95.52,19.218,57.655,0.37085
178,312.74,246.99,26.302,78.905,0.27007
178,154.93,128.63,26.302,78.905,0.26216
178,435,115,32,96,0.10872
178,263.68,95.52,19.218,57.655,0.07986
178,141.78,398.22,26.302,78.905,0.053435
178,417.56,100.57,20.787,62.36,0.025669
179,551.42,280.01,37.435,112.31,1.7253
179,420.32,170.72,33.28,99.84,1.5759
179,143.62,100.38,21.618,64.854,1.4932
179,476.59,78.273,25.29,75.87,1.2351
179,516.28,292.41,38.933,116.8,0.82838
179,163,179,32,96,0.73583
179,68.549,214.55,38.933,116.8,0.67642
179,292.41,302.15,38.933,116.8,0.67053
179,391.65,141.78,26.302,78.905,0.55568
179,442.71,141.82,27.354,82.061,0.44318
179,244.46,95.52,19.218,57.655,0.34873
179,134.98,189.68,27.354,82.061,0.11457
179,263.68,95.52,19.218,57.655,0.08154
180,548.25,234.45,40.49,121.47,1.7595
180,453.1,321.72,43.794,131.38,1.2475
180,429.68,196.05,34.611,103.83,0.99389
180,497.23,81.453,18.479,55.438,0.94571
180,431.1,76.029,26.302,78.905,0.7743
180,146.1,116.87,23.382,70.146,0.64584
180,457.11,68.029,24.317,72.952,0.63888
180,511.84,253.92,33.28,99.84,0.39458
180,263.68,95.52,19.218,57.655,0.3338
180,244.46,95.52,19.218,57.655,0.1458
180,129.15,85.911,19.218,57.655,0.12901
180,571.15,86.072,18.479,55.438,0.095176
180,295.19,295.19,40.49,121.47,0.032829
180,359.84,165.3,24.317,72.952,0.029253
181,472.43,267.47,45.546,136.64,1.8191
181,556.05,196.1,35.996,107.99,1.599
181,429.68,247.97,34.611,103.83,1.3938
181,420.36,71.875,22.483,67.448,1.1452
181,135.21,128.63,26.302,78.905,0.94374
181,83,243,32,96,0.67365
181,244.46,95.52,19.218,57.655,0.43232
181,414.99,163.63,23.382,70.146,0.34126
181,136.94,95.369,20.787,62.36,0.25417
181,518.26,215.01,29.586,88.757,0.24753
181,442.84,66.254,22.483,67.448,0.17815
181,305.31,305.31,40.49,121.47,0.10666
181,263.68,95.52,19.218,57.655,0.039794
181,141.78,398.22,26.302,78.905,0.0020916
182,418.94,292.41,38.933,116.8,1.6541
182,476.63,245.03,42.11,126.33,1.2642
182,545.12,179.04,33.28,99.84,1.2066
182,403,179,32,96,1.1481
182,414.99,64.259,23.382,70.146,1.0929
182,88.111,268.09,35.996,107.99,0.64427
182,147.34,105.76,20.787,62.36,0.62476
182,317.12,294.04,30.769,92.308,0.48142
182,40.192,217.12,30.769,92.308,0.47272
182,288.88,332.67,43.794,131.38,0.37229
182,445.28,253.92,33.28,99.84,0.19513
182,235.45,90.547,19.987,59.961,0.16537
182,433.15,58.993,20.787,62.36,0.1109
182,511.84,187.36,33.28,99.84,0.099288
182,66.692,316.53,19.218,57.655,0.079592
182,21.289,201.15,22.483,67.448,0.0084686
182,141.78,398.22,26.302,78.905,0.0075715
183,533.05,148.44,29.586,88.757,1.3413
183,147.06,116.66,24.317,72.952,1.0784
183,89.179,339.05,26.302,78.905,0.83359
183,476.55,214.5,37.435,112.31,0.73422
183,403.72,196.05,34.611,103.83,0.59758
183,214.11,181.24,26.302,78.905,0.58759
183,429.75,364.24,37.435,112.31,0.56214
183,46.722,356.54,23.382,70.146,0.55741
183,114.46,189.68,27.354,82.061,0.46943
183,503.47,163.23,29.586,88.757,0.34333
183,235.45,90.547,19.987,59.961,0.29615
183,141.78,398.22,26.302,78.905,0.22337
183,146.13,44.494,18.479,55.438,0.20903
183,395.35,415.34,19.987,59.961,0.11054
183,440.32,60.567,19.987,59.961,0.00089836
184,88.015,360.55,38.933,116.8,1.5329
184,115.53,60.567,19.987,59.961,1.0678
184,49.082,360.55,38.933,116.8,1.0206
184,206.03,90.715,19.218,57.655,0.89305
184,441.45,57.083,19.218,57.655,0.75078
184,68.549,214.55,38.933,116.8,0.619
184,504.25,141.82,27.354,82.061,0.614
184,418.94,224.28,38.933,116.8,0.5927
184,531.61,141.82,27.354,82.061,0.42655
184,440.28,198.47,28.448,85.344,0.42034
184,460.31,55.57,19.987,59.961,0.37549
184,159.99,49.114,18.479,55.438,0.32041
184,152.68,77.166,17.768,53.305,0.26186
184,135.18,135.18,25.29,75.87,0.17404
184,305.94,299.1,27.354,82.061,0.16342
184,478.76,81.453,18.479,55.438,0.13443
184,144.14,196.05,34.611,103.83,0.13366
184,239.66,85.911,19.218,57.655,0.057488
184,141.78,391.65,26.302,78.905,0.052138
185,438.27,267.47,45.546,136.64,1.3709
185,459.19,77.166,17.768,53.305,0.94984
185,536.31,135.21,26.302,78.905,0.80166
185,435.46,67.957,21.618,64.854,0.75409
185,504.25,141.82,27.354,82.061,0.56696
185,303.93,298.08,23.382,70.146,0.5178
185,188.22,81.608,17.768,53.305,0.4598
185,474.14,53.734,18.479,55.438,0.35614
185,127.41,67.957,21.618,64.854,0.26365
185,115,179,32,96,0.21349
185,141.51,90.692,18.479,55.438,0.17339
185,263.68,90.715,19.218,57.655,0.10006
185,172.39,52.279,19.218,57.655,0.031263
185,494.3,162.78,19.218,57.655,0.025479
185,83.476,214.5,37.435,112.31,0.023538
186,438.27,335.79,45.546,136.64,1.2986
186,523,115,32,96,1.0303
186,460.67,47.474,19.218,57.655,0.76761
186,433.15,64.189,20.787,62.36,0.72204
186,497.41,134.98,27.354,82.061,0.56457
186,155.58,47.885,30.769,92.308,0.51433
186,403.5,60.634,22.483,67.448,0.48672
186,415.35,87.108,27.354,82.061,0.26637
186,147,163,32,96,0.23048
186,141.78,398.22,26.302,78.905,0.14888
186,58.957,234.13,43.794,131.38,0.094542
186,404.84,127.65,18.479,55.438,0.047836
186,83,171,32,96,0.028121
186,243.75,360.55,38.933,116.8,0.0079081
187,407.17,58.993,20.787,62.36,1.1112
187,169.17,134.98,27.354,82.061,0.9633
187,321.61,292.41,38.933,116.8,0.92205
187,503.47,104.06,29.586,88.757,0.81748
187,198.4,78.273,25.29,75.87,0.75751
187,126.95,224.28,38.933,116.8,0.69691
187,390.23,80.188,24.317,72.952,0.65652
187,92.835,205.14,37.435,112.31,0.58241
187,485.14,122.71,23.382,70.146,0.53006
187,56.233,212.7,28.448,85.344,0.47796
187,290.25,335.79,45.546,136.64,0.36159
187,469.52,44.494,18.479,55.438,0.11531
187,375.36,55.57,19.987,59.961,0.10591
188,497.41,93.947,27.354,82.061,1.9589
188,145.76,187.36,33.28,99.84,1.4697
188,109.53,178.75,34.611,103.83,1.0958
188,473.45,111.02,23.382,70.146,0.89627
188,8.6053,270.65,37.435,112.31,0.84901
188,390.35,50.573,19.987,59.961,0.68269
188,305.94,299.1,27.354,82.061,0.25567
188,241.14,84.681,28.448,85.344,0.1914
188,185.76,122.53,25.29,75.87,0.18416
189,124.81,155.58,30.769,92.308,1.7115
189,489.24,84.596,25.29,75.87,1.4924
189,166.01,46.071,17.768,53.305,0.9443
189,185.42,104.06,29.586,88.757,0.73096
189,163.23,163.23,29.586,88.757,0.7141
189,467.89,100.38,21.618,64.854,0.61507
189,48.957,247.97,34.611,103.83,0.58762
189,305.76,321.97,21.618,64.854,0.29692
189,148.69,212.7,28.448,85.344,0.19471
189,374.19,47.474,19.218,57.655,0.13288
189,324.81,294.04,30.769,92.308,0.092045
189,141.78,398.22,26.302,78.905,0.021815
190,482.91,78.273,25.29,75.87,1.3075
190,141.82,134.98,27.354,82.061,1.0356
190,72.491,234.45,40.49,121.47,1.0197
190,141.51,44.494,18.479,55.438,0.93104
190,331.35,302.15,38.933,116.8,0.61971
190,463.95,84.596,25.29,75.87,0.43242
190,170.02,141.58,28.448,85.344,0.31435
190,178.52,95.369,20.787,62.36,0.19985
190,160.47,185.76,25.29,75.87,0.050897
191,179.04,120.8,33.28,99.84,1.1749
191,124.81,232.5,30.769,92.308,0.74635
191,117.15,41.629,17.768,53.305,0.54733
191,391.65,128.63,26.302,78.905,0.50869
191,147,99,32,96,0.49513
191,315.43,295.19,40.49,121.47,0.46632
191,499.11,85.911,19.218,57.655,0.18504
191,126.55,100.57,20.787,62.36,0.025967
192,192.86,116.87,23.382,70.146,1.5872
192,426.06,148.69,28.448,85.344,1.445
192,136.68,224.28,38.933,116.8,0.8939
192,148.24,77.166,17.768,53.305,0.82238
192,420.36,71.875,22.483,67.448,0.69196
192,146.1,122.71,23.382,70.146,0.69073
192,173.05,105.6,22.483,67.448,0.50973
192,302.15,292.41,38.933,116.8,0.24494
192,118.85,104.06,29.586,88.757,0.1807
193,459,171,32,96,1.6933
193,165.24,105.79,21.618,64.854,1.4677
193,147.82,135.18,25.29,75.87,0.60136
193,139,243,32,96,0.29349
193,444.22,75.95,23.382,70.146,0.1125
193,460.28,90.692,18.479,55.438,0.10652
193,116.66,122.74,24.317,72.952,0.062621
193,303.05,267.53,47.368,142.1,0.049392
193,143.57,95.52,19.218,57.655,0.005929
194,476.55,195.78,37.435,112.31,1.761
194,148.65,148.65,27.354,82.061,1.6088
194,302.15,292.41,38.933,116.8,0.23237
194,134.41,303.93,23.382,70.146,0.15061
194,162.78,244.46,19.218,57.655,0.0052214
195,496.9,234.13,43.794,131.38,2.0965
195,168.12,100.57,20.787,62.36,1.2231
195,131,163,32,96,0.99015
195,450.3,41.629,17.768,53.305,0.95739
195,94.038,155.58,30.769,92.308,0.65042
195,307,307,32,96,0.53605
195,142.14,100.57,20.787,62.36,0.52262
195,511.09,90.692,18.479,55.438,0.50299
195,120.53,55.57,19.987,59.961,0.45853
195,126.83,256.62,34.611,103.83,0.21557
196,526.01,292.41,38.933,116.8,1.438
196,112.48,187.36,33.28,99.84,1.344
196,450.3,41.629,17.768,53.305,1.1674
196,173.05,111.22,22.483,67.448,0.95007
196,208.47,105.79,21.618,64.854,0.94919
196,312.78,305.94,27.354,82.061,0.67788
196,281.5,330.37,17.768,53.305,0.05661
196,313.56,246.12,22.483,67.448,0.041294
196,127.65,275.48,18.479,55.438,0.013397
197,450.3,41.629,17.768,53.305,1.3814
197,383.67,50.513,17.768,53.305,0.87695
197,535.74,360.55,38.933,116.8,0.72397
197,257.16,116.87,23.382,70.146,0.5373
197,305.31,295.19,40.49,121.47,0.32348
197,103.82,290.39,17.768,53.305,0.28526
197,89.268,222.4,29.586,88.757,0.23969
197,537.75,111.02,23.382,70.146,0.055354
198,398.21,57.083,19.218,57.655,0.90865
198,496.83,122.71,23.382,70.146,0.75027
198,11.756,224.33,40.49,121.47,0.5147
198,75,299,32,96,0.47417
198,450.3,41.629,17.768,53.305,0.1958
198,141.78,391.65,26.302,78.905,0.069457
199,450.3,41.629,17.768,53.305,1.148
199,78.058,279.37,47.368,142.1,1.1376
199,490.58,141.82,27.354,82.061,1.0504
199,331.35,302.15,38.933,116.8,0.31692
199,412.36,64.189,20.787,62.36,0.28892
199,400.72,128.85,25.29,75.87,0.26721
199,420.33,95.544,19.987,59.961,0.23239
199,141.78,398.22,26.302,78.905,0.04457
200,440.28,148.69,28.448,85.344,1.6657
200,68.549,282.68,38.933,116.8,1.5428
200,501.73,163.27,30.769,92.308,1.4185
200,318.72,329.25,42.11,126.33,1.062
200,403.5,150.56,22.483,67.448,0.78642
200,450.3,41.629,17.768,53.305,0.60149
200,135.18,78.273,25.29,75.87,0.60027
200,407.04,71.951,25.29,75.87,0.34303
200,426.68,70.105,23.382,70.146,0.21921
